/*--------------------------------*- C++ -*----------------------------------*\
  =========                 |
  \\      /  F ield         | OpenFOAM: The Open Source CFD Toolbox
   \\    /   O peration     | Website:  https://openfoam.org
    \\  /    A nd           | Version:  7
     \\/     M anipulation  |
\*---------------------------------------------------------------------------*/
FoamFile
{
    version     2.0;
    format      ascii;
    class       labelList;
    note        "nPoints:19924  nCells:9676  nFaces:38990  nInternalFaces:19066";
    location    "constant/polyMesh";
    object      neighbour;
}
// * * * * * * * * * * * * * * * * * * * * * * * * * * * * * * * * * * * * * //


19066
(
1
26
2
27
3
28
4
29
5
30
6
31
7
32
8
33
9
34
10
35
11
36
12
37
13
38
14
39
15
40
16
41
17
42
18
43
19
44
20
45
21
46
22
47
23
48
24
49
25
50
51
520
27
52
28
53
29
54
30
55
31
56
32
57
33
58
34
59
35
60
36
61
37
62
38
63
39
64
40
65
41
66
42
67
43
68
44
69
45
70
46
71
47
72
48
73
49
74
50
75
51
76
77
530
53
78
54
79
55
80
56
81
57
82
58
83
59
84
60
85
61
86
62
87
63
88
64
89
65
90
66
91
67
92
68
93
69
94
70
95
71
96
72
97
73
98
74
99
75
100
76
101
77
102
103
540
79
104
80
105
81
106
82
107
83
108
84
109
85
110
86
111
87
112
88
113
89
114
90
115
91
116
92
117
93
118
94
119
95
120
96
121
97
122
98
123
99
124
100
125
101
126
102
127
103
128
129
550
105
130
106
131
107
132
108
133
109
134
110
135
111
136
112
137
113
138
114
139
115
140
116
141
117
142
118
143
119
144
120
145
121
146
122
147
123
148
124
149
125
150
126
151
127
152
128
153
129
154
155
560
131
156
132
157
133
158
134
159
135
160
136
161
137
162
138
163
139
164
140
165
141
166
142
167
143
168
144
169
145
170
146
171
147
172
148
173
149
174
150
175
151
176
152
177
153
178
154
179
155
180
181
570
157
182
158
183
159
184
160
185
161
186
162
187
163
188
164
189
165
190
166
191
167
192
168
193
169
194
170
195
171
196
172
197
173
198
174
199
175
200
176
201
177
202
178
203
179
204
180
205
181
206
207
580
183
208
184
209
185
210
186
211
187
212
188
213
189
214
190
215
191
216
192
217
193
218
194
219
195
220
196
221
197
222
198
223
199
224
200
225
201
226
202
227
203
228
204
229
205
230
206
231
207
232
233
590
209
234
210
235
211
236
212
237
213
238
214
239
215
240
216
241
217
242
218
243
219
244
220
245
221
246
222
247
223
248
224
249
225
250
226
251
227
252
228
253
229
254
230
255
231
256
232
257
233
258
259
600
235
260
236
261
237
262
238
263
239
264
240
265
241
266
242
267
243
268
244
269
245
270
246
271
247
272
248
273
249
274
250
275
251
276
252
277
253
278
254
279
255
280
256
281
257
282
258
283
259
284
285
610
261
286
262
287
263
288
264
289
265
290
266
291
267
292
268
293
269
294
270
295
271
296
272
297
273
298
274
299
275
300
276
301
277
302
278
303
279
304
280
305
281
306
282
307
283
308
284
309
285
310
311
620
287
312
288
313
289
314
290
315
291
316
292
317
293
318
294
319
295
320
296
321
297
322
298
323
299
324
300
325
301
326
302
327
303
328
304
329
305
330
306
331
307
332
308
333
309
334
310
335
311
336
337
630
313
338
314
339
315
340
316
341
317
342
318
343
319
344
320
345
321
346
322
347
323
348
324
349
325
350
326
351
327
352
328
353
329
354
330
355
331
356
332
357
333
358
334
359
335
360
336
361
337
362
363
640
339
364
340
365
341
366
342
367
343
368
344
369
345
370
346
371
347
372
348
373
349
374
350
375
351
376
352
377
353
378
354
379
355
380
356
381
357
382
358
383
359
384
360
385
361
386
362
387
363
388
389
650
365
390
366
391
367
392
368
393
369
394
370
395
371
396
372
397
373
398
374
399
375
400
376
401
377
402
378
403
379
404
380
405
381
406
382
407
383
408
384
409
385
410
386
411
387
412
388
413
389
414
415
660
391
416
392
417
393
418
394
419
395
420
396
421
397
422
398
423
399
424
400
425
401
426
402
427
403
428
404
429
405
430
406
431
407
432
408
433
409
434
410
435
411
436
412
437
413
438
414
439
415
440
441
670
417
442
418
443
419
444
420
445
421
446
422
447
423
448
424
449
425
450
426
451
427
452
428
453
429
454
430
455
431
456
432
457
433
458
434
459
435
460
436
461
437
462
438
463
439
464
440
465
441
466
467
680
443
468
444
469
445
470
446
471
447
472
448
473
449
474
450
475
451
476
452
477
453
478
454
479
455
480
456
481
457
482
458
483
459
484
460
485
461
486
462
487
463
488
464
489
465
490
466
491
467
492
493
690
469
494
470
495
471
496
472
497
473
498
474
499
475
500
476
501
477
502
478
503
479
504
480
505
481
506
482
507
483
508
484
509
485
510
486
511
487
512
488
513
489
514
490
515
491
516
492
517
493
518
519
700
495
1240
496
1241
497
1242
498
1243
499
1244
500
1245
501
1246
502
1247
503
1248
504
1249
505
1250
506
1251
507
1252
508
1253
509
1254
510
1255
511
1256
512
1257
513
1258
514
1259
515
1260
516
1261
517
1262
518
1263
519
1264
710
1265
521
530
522
531
523
532
524
533
525
534
526
535
527
536
528
537
529
538
539
720
531
540
532
541
533
542
534
543
535
544
536
545
537
546
538
547
539
548
549
746
541
550
542
551
543
552
544
553
545
554
546
555
547
556
548
557
549
558
559
772
551
560
552
561
553
562
554
563
555
564
556
565
557
566
558
567
559
568
569
798
561
570
562
571
563
572
564
573
565
574
566
575
567
576
568
577
569
578
579
824
571
580
572
581
573
582
574
583
575
584
576
585
577
586
578
587
579
588
589
850
581
590
582
591
583
592
584
593
585
594
586
595
587
596
588
597
589
598
599
876
591
600
592
601
593
602
594
603
595
604
596
605
597
606
598
607
599
608
609
902
601
610
602
611
603
612
604
613
605
614
606
615
607
616
608
617
609
618
619
928
611
620
612
621
613
622
614
623
615
624
616
625
617
626
618
627
619
628
629
954
621
630
622
631
623
632
624
633
625
634
626
635
627
636
628
637
629
638
639
980
631
640
632
641
633
642
634
643
635
644
636
645
637
646
638
647
639
648
649
1006
641
650
642
651
643
652
644
653
645
654
646
655
647
656
648
657
649
658
659
1032
651
660
652
661
653
662
654
663
655
664
656
665
657
666
658
667
659
668
669
1058
661
670
662
671
663
672
664
673
665
674
666
675
667
676
668
677
669
678
679
1084
671
680
672
681
673
682
674
683
675
684
676
685
677
686
678
687
679
688
689
1110
681
690
682
691
683
692
684
693
685
694
686
695
687
696
688
697
689
698
699
1136
691
700
692
701
693
702
694
703
695
704
696
705
697
706
698
707
699
708
709
1162
701
710
702
711
703
712
704
713
705
714
706
715
707
716
708
717
709
718
719
1188
711
1528
712
1529
713
1530
714
1531
715
1532
716
1533
717
1534
718
1535
719
1536
1214
1537
721
746
722
747
723
748
724
749
725
750
726
751
727
752
728
753
729
754
730
755
731
756
732
757
733
758
734
759
735
760
736
761
737
762
738
763
739
764
740
765
741
766
742
767
743
768
744
769
745
770
771
747
772
748
773
749
774
750
775
751
776
752
777
753
778
754
779
755
780
756
781
757
782
758
783
759
784
760
785
761
786
762
787
763
788
764
789
765
790
766
791
767
792
768
793
769
794
770
795
771
796
797
773
798
774
799
775
800
776
801
777
802
778
803
779
804
780
805
781
806
782
807
783
808
784
809
785
810
786
811
787
812
788
813
789
814
790
815
791
816
792
817
793
818
794
819
795
820
796
821
797
822
823
799
824
800
825
801
826
802
827
803
828
804
829
805
830
806
831
807
832
808
833
809
834
810
835
811
836
812
837
813
838
814
839
815
840
816
841
817
842
818
843
819
844
820
845
821
846
822
847
823
848
849
825
850
826
851
827
852
828
853
829
854
830
855
831
856
832
857
833
858
834
859
835
860
836
861
837
862
838
863
839
864
840
865
841
866
842
867
843
868
844
869
845
870
846
871
847
872
848
873
849
874
875
851
876
852
877
853
878
854
879
855
880
856
881
857
882
858
883
859
884
860
885
861
886
862
887
863
888
864
889
865
890
866
891
867
892
868
893
869
894
870
895
871
896
872
897
873
898
874
899
875
900
901
877
902
878
903
879
904
880
905
881
906
882
907
883
908
884
909
885
910
886
911
887
912
888
913
889
914
890
915
891
916
892
917
893
918
894
919
895
920
896
921
897
922
898
923
899
924
900
925
901
926
927
903
928
904
929
905
930
906
931
907
932
908
933
909
934
910
935
911
936
912
937
913
938
914
939
915
940
916
941
917
942
918
943
919
944
920
945
921
946
922
947
923
948
924
949
925
950
926
951
927
952
953
929
954
930
955
931
956
932
957
933
958
934
959
935
960
936
961
937
962
938
963
939
964
940
965
941
966
942
967
943
968
944
969
945
970
946
971
947
972
948
973
949
974
950
975
951
976
952
977
953
978
979
955
980
956
981
957
982
958
983
959
984
960
985
961
986
962
987
963
988
964
989
965
990
966
991
967
992
968
993
969
994
970
995
971
996
972
997
973
998
974
999
975
1000
976
1001
977
1002
978
1003
979
1004
1005
981
1006
982
1007
983
1008
984
1009
985
1010
986
1011
987
1012
988
1013
989
1014
990
1015
991
1016
992
1017
993
1018
994
1019
995
1020
996
1021
997
1022
998
1023
999
1024
1000
1025
1001
1026
1002
1027
1003
1028
1004
1029
1005
1030
1031
1007
1032
1008
1033
1009
1034
1010
1035
1011
1036
1012
1037
1013
1038
1014
1039
1015
1040
1016
1041
1017
1042
1018
1043
1019
1044
1020
1045
1021
1046
1022
1047
1023
1048
1024
1049
1025
1050
1026
1051
1027
1052
1028
1053
1029
1054
1030
1055
1031
1056
1057
1033
1058
1034
1059
1035
1060
1036
1061
1037
1062
1038
1063
1039
1064
1040
1065
1041
1066
1042
1067
1043
1068
1044
1069
1045
1070
1046
1071
1047
1072
1048
1073
1049
1074
1050
1075
1051
1076
1052
1077
1053
1078
1054
1079
1055
1080
1056
1081
1057
1082
1083
1059
1084
1060
1085
1061
1086
1062
1087
1063
1088
1064
1089
1065
1090
1066
1091
1067
1092
1068
1093
1069
1094
1070
1095
1071
1096
1072
1097
1073
1098
1074
1099
1075
1100
1076
1101
1077
1102
1078
1103
1079
1104
1080
1105
1081
1106
1082
1107
1083
1108
1109
1085
1110
1086
1111
1087
1112
1088
1113
1089
1114
1090
1115
1091
1116
1092
1117
1093
1118
1094
1119
1095
1120
1096
1121
1097
1122
1098
1123
1099
1124
1100
1125
1101
1126
1102
1127
1103
1128
1104
1129
1105
1130
1106
1131
1107
1132
1108
1133
1109
1134
1135
1111
1136
1112
1137
1113
1138
1114
1139
1115
1140
1116
1141
1117
1142
1118
1143
1119
1144
1120
1145
1121
1146
1122
1147
1123
1148
1124
1149
1125
1150
1126
1151
1127
1152
1128
1153
1129
1154
1130
1155
1131
1156
1132
1157
1133
1158
1134
1159
1135
1160
1161
1137
1162
1138
1163
1139
1164
1140
1165
1141
1166
1142
1167
1143
1168
1144
1169
1145
1170
1146
1171
1147
1172
1148
1173
1149
1174
1150
1175
1151
1176
1152
1177
1153
1178
1154
1179
1155
1180
1156
1181
1157
1182
1158
1183
1159
1184
1160
1185
1161
1186
1187
1163
1188
1164
1189
1165
1190
1166
1191
1167
1192
1168
1193
1169
1194
1170
1195
1171
1196
1172
1197
1173
1198
1174
1199
1175
1200
1176
1201
1177
1202
1178
1203
1179
1204
1180
1205
1181
1206
1182
1207
1183
1208
1184
1209
1185
1210
1186
1211
1187
1212
1213
1189
1214
1190
1215
1191
1216
1192
1217
1193
1218
1194
1219
1195
1220
1196
1221
1197
1222
1198
1223
1199
1224
1200
1225
1201
1226
1202
1227
1203
1228
1204
1229
1205
1230
1206
1231
1207
1232
1208
1233
1209
1234
1210
1235
1211
1236
1212
1237
1213
1238
1239
1215
1708
1216
1709
1217
1710
1218
1711
1219
1712
1220
1713
1221
1714
1222
1715
1223
1716
1224
1717
1225
1718
1226
1719
1227
1720
1228
1721
1229
1722
1230
1723
1231
1724
1232
1725
1233
1726
1234
1727
1235
1728
1236
1729
1237
1730
1238
1731
1239
1732
1733
1241
1266
1242
1267
1243
1268
1244
1269
1245
1270
1246
1271
1247
1272
1248
1273
1249
1274
1250
1275
1251
1276
1252
1277
1253
1278
1254
1279
1255
1280
1256
1281
1257
1282
1258
1283
1259
1284
1260
1285
1261
1286
1262
1287
1263
1288
1264
1289
1265
1290
1291
1448
1267
1292
1268
1293
1269
1294
1270
1295
1271
1296
1272
1297
1273
1298
1274
1299
1275
1300
1276
1301
1277
1302
1278
1303
1279
1304
1280
1305
1281
1306
1282
1307
1283
1308
1284
1309
1285
1310
1286
1311
1287
1312
1288
1313
1289
1314
1290
1315
1291
1316
1317
1458
1293
1318
1294
1319
1295
1320
1296
1321
1297
1322
1298
1323
1299
1324
1300
1325
1301
1326
1302
1327
1303
1328
1304
1329
1305
1330
1306
1331
1307
1332
1308
1333
1309
1334
1310
1335
1311
1336
1312
1337
1313
1338
1314
1339
1315
1340
1316
1341
1317
1342
1343
1468
1319
1344
1320
1345
1321
1346
1322
1347
1323
1348
1324
1349
1325
1350
1326
1351
1327
1352
1328
1353
1329
1354
1330
1355
1331
1356
1332
1357
1333
1358
1334
1359
1335
1360
1336
1361
1337
1362
1338
1363
1339
1364
1340
1365
1341
1366
1342
1367
1343
1368
1369
1478
1345
1370
1346
1371
1347
1372
1348
1373
1349
1374
1350
1375
1351
1376
1352
1377
1353
1378
1354
1379
1355
1380
1356
1381
1357
1382
1358
1383
1359
1384
1360
1385
1361
1386
1362
1387
1363
1388
1364
1389
1365
1390
1366
1391
1367
1392
1368
1393
1369
1394
1395
1488
1371
1396
1372
1397
1373
1398
1374
1399
1375
1400
1376
1401
1377
1402
1378
1403
1379
1404
1380
1405
1381
1406
1382
1407
1383
1408
1384
1409
1385
1410
1386
1411
1387
1412
1388
1413
1389
1414
1390
1415
1391
1416
1392
1417
1393
1418
1394
1419
1395
1420
1421
1498
1397
1422
1398
1423
1399
1424
1400
1425
1401
1426
1402
1427
1403
1428
1404
1429
1405
1430
1406
1431
1407
1432
1408
1433
1409
1434
1410
1435
1411
1436
1412
1437
1413
1438
1414
1439
1415
1440
1416
1441
1417
1442
1418
1443
1419
1444
1420
1445
1421
1446
1447
1508
1423
1916
1424
1917
1425
1918
1426
1919
1427
1920
1428
1921
1429
1922
1430
1923
1431
1924
1432
1925
1433
1926
1434
1927
1435
1928
1436
1929
1437
1930
1438
1931
1439
1932
1440
1933
1441
1934
1442
1935
1443
1936
1444
1937
1445
1938
1446
1939
1447
1940
1518
1941
1449
1458
1528
1450
1459
1538
1451
1460
1548
1452
1461
1558
1453
1462
1568
1454
1463
1578
1455
1464
1588
1456
1465
1598
1457
1466
1608
1467
1618
1459
1468
1460
1469
1461
1470
1462
1471
1463
1472
1464
1473
1465
1474
1466
1475
1467
1476
1477
1469
1478
1470
1479
1471
1480
1472
1481
1473
1482
1474
1483
1475
1484
1476
1485
1477
1486
1487
1479
1488
1480
1489
1481
1490
1482
1491
1483
1492
1484
1493
1485
1494
1486
1495
1487
1496
1497
1489
1498
1490
1499
1491
1500
1492
1501
1493
1502
1494
1503
1495
1504
1496
1505
1497
1506
1507
1499
1508
1500
1509
1501
1510
1502
1511
1503
1512
1504
1513
1505
1514
1506
1515
1507
1516
1517
1509
1518
1510
1519
1511
1520
1512
1521
1513
1522
1514
1523
1515
1524
1516
1525
1517
1526
1527
1519
3288
1520
3280
1521
3272
1522
3264
1523
3256
1524
3248
1525
3240
1526
3232
1527
3224
3216
1529
1538
1530
1539
1531
1540
1532
1541
1533
1542
1534
1543
1535
1544
1536
1545
1537
1546
1547
1637
1539
1548
1540
1549
1541
1550
1542
1551
1543
1552
1544
1553
1545
1554
1546
1555
1547
1556
1557
1636
1549
1558
1550
1559
1551
1560
1552
1561
1553
1562
1554
1563
1555
1564
1556
1565
1557
1566
1567
1635
1559
1568
1560
1569
1561
1570
1562
1571
1563
1572
1564
1573
1565
1574
1566
1575
1567
1576
1577
1634
1569
1578
1570
1579
1571
1580
1572
1581
1573
1582
1574
1583
1575
1584
1576
1585
1577
1586
1587
1633
1579
1588
1580
1589
1581
1590
1582
1591
1583
1592
1584
1593
1585
1594
1586
1595
1587
1596
1597
1632
1589
1598
1590
1599
1591
1600
1592
1601
1593
1602
1594
1603
1595
1604
1596
1605
1597
1606
1607
1631
1599
1608
1600
1609
1601
1610
1602
1611
1603
1612
1604
1613
1605
1614
1606
1615
1607
1616
1617
1630
1609
1618
1610
1619
1611
1620
1612
1621
1613
1622
1614
1623
1615
1624
1616
1625
1617
1626
1627
1629
1619
1620
1621
1622
1623
1624
1625
1626
1627
1628
1629
1638
1630
1639
1631
1640
1632
1641
1633
1642
1634
1643
1635
1644
1636
1645
1637
1646
1647
1708
1639
1648
1640
1649
1641
1650
1642
1651
1643
1652
1644
1653
1645
1654
1646
1655
1647
1656
1657
1734
1649
1658
1650
1659
1651
1660
1652
1661
1653
1662
1654
1663
1655
1664
1656
1665
1657
1666
1667
1760
1659
1668
1660
1669
1661
1670
1662
1671
1663
1672
1664
1673
1665
1674
1666
1675
1667
1676
1677
1786
1669
1678
1670
1679
1671
1680
1672
1681
1673
1682
1674
1683
1675
1684
1676
1685
1677
1686
1687
1812
1679
1688
1680
1689
1681
1690
1682
1691
1683
1692
1684
1693
1685
1694
1686
1695
1687
1696
1697
1838
1689
1698
1690
1699
1691
1700
1692
1701
1693
1702
1694
1703
1695
1704
1696
1705
1697
1706
1707
1864
1699
3303
1700
3311
1701
3319
1702
3327
1703
3335
1704
3343
1705
3351
1706
3359
1707
3367
1890
3375
1709
1734
1710
1735
1711
1736
1712
1737
1713
1738
1714
1739
1715
1740
1716
1741
1717
1742
1718
1743
1719
1744
1720
1745
1721
1746
1722
1747
1723
1748
1724
1749
1725
1750
1726
1751
1727
1752
1728
1753
1729
1754
1730
1755
1731
1756
1732
1757
1733
1758
1759
1735
1760
1736
1761
1737
1762
1738
1763
1739
1764
1740
1765
1741
1766
1742
1767
1743
1768
1744
1769
1745
1770
1746
1771
1747
1772
1748
1773
1749
1774
1750
1775
1751
1776
1752
1777
1753
1778
1754
1779
1755
1780
1756
1781
1757
1782
1758
1783
1759
1784
1785
1761
1786
1762
1787
1763
1788
1764
1789
1765
1790
1766
1791
1767
1792
1768
1793
1769
1794
1770
1795
1771
1796
1772
1797
1773
1798
1774
1799
1775
1800
1776
1801
1777
1802
1778
1803
1779
1804
1780
1805
1781
1806
1782
1807
1783
1808
1784
1809
1785
1810
1811
1787
1812
1788
1813
1789
1814
1790
1815
1791
1816
1792
1817
1793
1818
1794
1819
1795
1820
1796
1821
1797
1822
1798
1823
1799
1824
1800
1825
1801
1826
1802
1827
1803
1828
1804
1829
1805
1830
1806
1831
1807
1832
1808
1833
1809
1834
1810
1835
1811
1836
1837
1813
1838
1814
1839
1815
1840
1816
1841
1817
1842
1818
1843
1819
1844
1820
1845
1821
1846
1822
1847
1823
1848
1824
1849
1825
1850
1826
1851
1827
1852
1828
1853
1829
1854
1830
1855
1831
1856
1832
1857
1833
1858
1834
1859
1835
1860
1836
1861
1837
1862
1863
1839
1864
1840
1865
1841
1866
1842
1867
1843
1868
1844
1869
1845
1870
1846
1871
1847
1872
1848
1873
1849
1874
1850
1875
1851
1876
1852
1877
1853
1878
1854
1879
1855
1880
1856
1881
1857
1882
1858
1883
1859
1884
1860
1885
1861
1886
1862
1887
1863
1888
1889
1865
1890
1866
1891
1867
1892
1868
1893
1869
1894
1870
1895
1871
1896
1872
1897
1873
1898
1874
1899
1875
1900
1876
1901
1877
1902
1878
1903
1879
1904
1880
1905
1881
1906
1882
1907
1883
1908
1884
1909
1885
1910
1886
1911
1887
1912
1888
1913
1889
1914
1915
1891
4176
1892
4177
1893
4178
1894
4179
1895
4180
1896
4181
1897
4182
1898
4183
1899
4184
1900
4185
1901
4186
1902
4187
1903
4188
1904
4189
1905
4190
1906
4191
1907
4192
1908
4193
1909
4194
1910
4195
1911
4196
1912
4197
1913
4198
1914
4199
1915
4200
4201
1917
1942
1918
1943
1919
1944
1920
1945
1921
1946
1922
1947
1923
1948
1924
1949
1925
1950
1926
1951
1927
1952
1928
1953
1929
1954
1930
1955
1931
1956
1932
1957
1933
1958
1934
1959
1935
1960
1936
1961
1937
1962
1938
1963
1939
1964
1940
1965
1941
1966
1967
3376
1943
1968
1944
1969
1945
1970
1946
1971
1947
1972
1948
1973
1949
1974
1950
1975
1951
1976
1952
1977
1953
1978
1954
1979
1955
1980
1956
1981
1957
1982
1958
1983
1959
1984
1960
1985
1961
1986
1962
1987
1963
1988
1964
1989
1965
1990
1966
1991
1967
1992
1993
3384
1969
1994
1970
1995
1971
1996
1972
1997
1973
1998
1974
1999
1975
2000
1976
2001
1977
2002
1978
2003
1979
2004
1980
2005
1981
2006
1982
2007
1983
2008
1984
2009
1985
2010
1986
2011
1987
2012
1988
2013
1989
2014
1990
2015
1991
2016
1992
2017
1993
2018
2019
3392
1995
2020
1996
2021
1997
2022
1998
2023
1999
2024
2000
2025
2001
2026
2002
2027
2003
2028
2004
2029
2005
2030
2006
2031
2007
2032
2008
2033
2009
2034
2010
2035
2011
2036
2012
2037
2013
2038
2014
2039
2015
2040
2016
2041
2017
2042
2018
2043
2019
2044
2045
3400
2021
2046
2022
2047
2023
2048
2024
2049
2025
2050
2026
2051
2027
2052
2028
2053
2029
2054
2030
2055
2031
2056
2032
2057
2033
2058
2034
2059
2035
2060
2036
2061
2037
2062
2038
2063
2039
2064
2040
2065
2041
2066
2042
2067
2043
2068
2044
2069
2045
2070
2071
3408
2047
2072
2048
2073
2049
2074
2050
2075
2051
2076
2052
2077
2053
2078
2054
2079
2055
2080
2056
2081
2057
2082
2058
2083
2059
2084
2060
2085
2061
2086
2062
2087
2063
2088
2064
2089
2065
2090
2066
2091
2067
2092
2068
2093
2069
2094
2070
2095
2071
2096
2097
3416
2073
2098
2074
2099
2075
2100
2076
2101
2077
2102
2078
2103
2079
2104
2080
2105
2081
2106
2082
2107
2083
2108
2084
2109
2085
2110
2086
2111
2087
2112
2088
2113
2089
2114
2090
2115
2091
2116
2092
2117
2093
2118
2094
2119
2095
2120
2096
2121
2097
2122
2123
3424
2099
2124
2100
2125
2101
2126
2102
2127
2103
2128
2104
2129
2105
2130
2106
2131
2107
2132
2108
2133
2109
2134
2110
2135
2111
2136
2112
2137
2113
2138
2114
2139
2115
2140
2116
2141
2117
2142
2118
2143
2119
2144
2120
2145
2121
2146
2122
2147
2123
2148
2149
3432
2125
2150
2126
2151
2127
2152
2128
2153
2129
2154
2130
2155
2131
2156
2132
2157
2133
2158
2134
2159
2135
2160
2136
2161
2137
2162
2138
2163
2139
2164
2140
2165
2141
2166
2142
2167
2143
2168
2144
2169
2145
2170
2146
2171
2147
2172
2148
2173
2149
2174
2175
3440
2151
2176
2152
2177
2153
2178
2154
2179
2155
2180
2156
2181
2157
2182
2158
2183
2159
2184
2160
2185
2161
2186
2162
2187
2163
2188
2164
2189
2165
2190
2166
2191
2167
2192
2168
2193
2169
2194
2170
2195
2171
2196
2172
2197
2173
2198
2174
2199
2175
2200
2201
3448
2177
2202
2178
2203
2179
2204
2180
2205
2181
2206
2182
2207
2183
2208
2184
2209
2185
2210
2186
2211
2187
2212
2188
2213
2189
2214
2190
2215
2191
2216
2192
2217
2193
2218
2194
2219
2195
2220
2196
2221
2197
2222
2198
2223
2199
2224
2200
2225
2201
2226
2227
3456
2203
2228
2204
2229
2205
2230
2206
2231
2207
2232
2208
2233
2209
2234
2210
2235
2211
2236
2212
2237
2213
2238
2214
2239
2215
2240
2216
2241
2217
2242
2218
2243
2219
2244
2220
2245
2221
2246
2222
2247
2223
2248
2224
2249
2225
2250
2226
2251
2227
2252
2253
3464
2229
2254
2230
2255
2231
2256
2232
2257
2233
2258
2234
2259
2235
2260
2236
2261
2237
2262
2238
2263
2239
2264
2240
2265
2241
2266
2242
2267
2243
2268
2244
2269
2245
2270
2246
2271
2247
2272
2248
2273
2249
2274
2250
2275
2251
2276
2252
2277
2253
2278
2279
3472
2255
2280
2256
2281
2257
2282
2258
2283
2259
2284
2260
2285
2261
2286
2262
2287
2263
2288
2264
2289
2265
2290
2266
2291
2267
2292
2268
2293
2269
2294
2270
2295
2271
2296
2272
2297
2273
2298
2274
2299
2275
2300
2276
2301
2277
2302
2278
2303
2279
2304
2305
3480
2281
2306
2282
2307
2283
2308
2284
2309
2285
2310
2286
2311
2287
2312
2288
2313
2289
2314
2290
2315
2291
2316
2292
2317
2293
2318
2294
2319
2295
2320
2296
2321
2297
2322
2298
2323
2299
2324
2300
2325
2301
2326
2302
2327
2303
2328
2304
2329
2305
2330
2331
3488
2307
2332
2308
2333
2309
2334
2310
2335
2311
2336
2312
2337
2313
2338
2314
2339
2315
2340
2316
2341
2317
2342
2318
2343
2319
2344
2320
2345
2321
2346
2322
2347
2323
2348
2324
2349
2325
2350
2326
2351
2327
2352
2328
2353
2329
2354
2330
2355
2331
2356
2357
3496
2333
2358
2334
2359
2335
2360
2336
2361
2337
2362
2338
2363
2339
2364
2340
2365
2341
2366
2342
2367
2343
2368
2344
2369
2345
2370
2346
2371
2347
2372
2348
2373
2349
2374
2350
2375
2351
2376
2352
2377
2353
2378
2354
2379
2355
2380
2356
2381
2357
2382
2383
3504
2359
2384
2360
2385
2361
2386
2362
2387
2363
2388
2364
2389
2365
2390
2366
2391
2367
2392
2368
2393
2369
2394
2370
2395
2371
2396
2372
2397
2373
2398
2374
2399
2375
2400
2376
2401
2377
2402
2378
2403
2379
2404
2380
2405
2381
2406
2382
2407
2383
2408
2409
3512
2385
2410
2386
2411
2387
2412
2388
2413
2389
2414
2390
2415
2391
2416
2392
2417
2393
2418
2394
2419
2395
2420
2396
2421
2397
2422
2398
2423
2399
2424
2400
2425
2401
2426
2402
2427
2403
2428
2404
2429
2405
2430
2406
2431
2407
2432
2408
2433
2409
2434
2435
3520
2411
2436
2412
2437
2413
2438
2414
2439
2415
2440
2416
2441
2417
2442
2418
2443
2419
2444
2420
2445
2421
2446
2422
2447
2423
2448
2424
2449
2425
2450
2426
2451
2427
2452
2428
2453
2429
2454
2430
2455
2431
2456
2432
2457
2433
2458
2434
2459
2435
2460
2461
3528
2437
2462
2438
2463
2439
2464
2440
2465
2441
2466
2442
2467
2443
2468
2444
2469
2445
2470
2446
2471
2447
2472
2448
2473
2449
2474
2450
2475
2451
2476
2452
2477
2453
2478
2454
2479
2455
2480
2456
2481
2457
2482
2458
2483
2459
2484
2460
2485
2461
2486
2487
3536
2463
2488
2464
2489
2465
2490
2466
2491
2467
2492
2468
2493
2469
2494
2470
2495
2471
2496
2472
2497
2473
2498
2474
2499
2475
2500
2476
2501
2477
2502
2478
2503
2479
2504
2480
2505
2481
2506
2482
2507
2483
2508
2484
2509
2485
2510
2486
2511
2487
2512
2513
3544
2489
2514
2490
2515
2491
2516
2492
2517
2493
2518
2494
2519
2495
2520
2496
2521
2497
2522
2498
2523
2499
2524
2500
2525
2501
2526
2502
2527
2503
2528
2504
2529
2505
2530
2506
2531
2507
2532
2508
2533
2509
2534
2510
2535
2511
2536
2512
2537
2513
2538
2539
3552
2515
2540
2516
2541
2517
2542
2518
2543
2519
2544
2520
2545
2521
2546
2522
2547
2523
2548
2524
2549
2525
2550
2526
2551
2527
2552
2528
2553
2529
2554
2530
2555
2531
2556
2532
2557
2533
2558
2534
2559
2535
2560
2536
2561
2537
2562
2538
2563
2539
2564
2565
3560
2541
2566
2542
2567
2543
2568
2544
2569
2545
2570
2546
2571
2547
2572
2548
2573
2549
2574
2550
2575
2551
2576
2552
2577
2553
2578
2554
2579
2555
2580
2556
2581
2557
2582
2558
2583
2559
2584
2560
2585
2561
2586
2562
2587
2563
2588
2564
2589
2565
2590
2591
3568
2567
2592
2568
2593
2569
2594
2570
2595
2571
2596
2572
2597
2573
2598
2574
2599
2575
2600
2576
2601
2577
2602
2578
2603
2579
2604
2580
2605
2581
2606
2582
2607
2583
2608
2584
2609
2585
2610
2586
2611
2587
2612
2588
2613
2589
2614
2590
2615
2591
2616
2617
3576
2593
2618
2594
2619
2595
2620
2596
2621
2597
2622
2598
2623
2599
2624
2600
2625
2601
2626
2602
2627
2603
2628
2604
2629
2605
2630
2606
2631
2607
2632
2608
2633
2609
2634
2610
2635
2611
2636
2612
2637
2613
2638
2614
2639
2615
2640
2616
2641
2617
2642
2643
3584
2619
2644
2620
2645
2621
2646
2622
2647
2623
2648
2624
2649
2625
2650
2626
2651
2627
2652
2628
2653
2629
2654
2630
2655
2631
2656
2632
2657
2633
2658
2634
2659
2635
2660
2636
2661
2637
2662
2638
2663
2639
2664
2640
2665
2641
2666
2642
2667
2643
2668
2669
3592
2645
2670
2646
2671
2647
2672
2648
2673
2649
2674
2650
2675
2651
2676
2652
2677
2653
2678
2654
2679
2655
2680
2656
2681
2657
2682
2658
2683
2659
2684
2660
2685
2661
2686
2662
2687
2663
2688
2664
2689
2665
2690
2666
2691
2667
2692
2668
2693
2669
2694
2695
3600
2671
2696
2672
2697
2673
2698
2674
2699
2675
2700
2676
2701
2677
2702
2678
2703
2679
2704
2680
2705
2681
2706
2682
2707
2683
2708
2684
2709
2685
2710
2686
2711
2687
2712
2688
2713
2689
2714
2690
2715
2691
2716
2692
2717
2693
2718
2694
2719
2695
2720
2721
3608
2697
2722
2698
2723
2699
2724
2700
2725
2701
2726
2702
2727
2703
2728
2704
2729
2705
2730
2706
2731
2707
2732
2708
2733
2709
2734
2710
2735
2711
2736
2712
2737
2713
2738
2714
2739
2715
2740
2716
2741
2717
2742
2718
2743
2719
2744
2720
2745
2721
2746
2747
3616
2723
2748
2724
2749
2725
2750
2726
2751
2727
2752
2728
2753
2729
2754
2730
2755
2731
2756
2732
2757
2733
2758
2734
2759
2735
2760
2736
2761
2737
2762
2738
2763
2739
2764
2740
2765
2741
2766
2742
2767
2743
2768
2744
2769
2745
2770
2746
2771
2747
2772
2773
3624
2749
2774
2750
2775
2751
2776
2752
2777
2753
2778
2754
2779
2755
2780
2756
2781
2757
2782
2758
2783
2759
2784
2760
2785
2761
2786
2762
2787
2763
2788
2764
2789
2765
2790
2766
2791
2767
2792
2768
2793
2769
2794
2770
2795
2771
2796
2772
2797
2773
2798
2799
3632
2775
2800
2776
2801
2777
2802
2778
2803
2779
2804
2780
2805
2781
2806
2782
2807
2783
2808
2784
2809
2785
2810
2786
2811
2787
2812
2788
2813
2789
2814
2790
2815
2791
2816
2792
2817
2793
2818
2794
2819
2795
2820
2796
2821
2797
2822
2798
2823
2799
2824
2825
3640
2801
2826
2802
2827
2803
2828
2804
2829
2805
2830
2806
2831
2807
2832
2808
2833
2809
2834
2810
2835
2811
2836
2812
2837
2813
2838
2814
2839
2815
2840
2816
2841
2817
2842
2818
2843
2819
2844
2820
2845
2821
2846
2822
2847
2823
2848
2824
2849
2825
2850
2851
3648
2827
2852
2828
2853
2829
2854
2830
2855
2831
2856
2832
2857
2833
2858
2834
2859
2835
2860
2836
2861
2837
2862
2838
2863
2839
2864
2840
2865
2841
2866
2842
2867
2843
2868
2844
2869
2845
2870
2846
2871
2847
2872
2848
2873
2849
2874
2850
2875
2851
2876
2877
3656
2853
2878
2854
2879
2855
2880
2856
2881
2857
2882
2858
2883
2859
2884
2860
2885
2861
2886
2862
2887
2863
2888
2864
2889
2865
2890
2866
2891
2867
2892
2868
2893
2869
2894
2870
2895
2871
2896
2872
2897
2873
2898
2874
2899
2875
2900
2876
2901
2877
2902
2903
3664
2879
2904
2880
2905
2881
2906
2882
2907
2883
2908
2884
2909
2885
2910
2886
2911
2887
2912
2888
2913
2889
2914
2890
2915
2891
2916
2892
2917
2893
2918
2894
2919
2895
2920
2896
2921
2897
2922
2898
2923
2899
2924
2900
2925
2901
2926
2902
2927
2903
2928
2929
3672
2905
2930
2906
2931
2907
2932
2908
2933
2909
2934
2910
2935
2911
2936
2912
2937
2913
2938
2914
2939
2915
2940
2916
2941
2917
2942
2918
2943
2919
2944
2920
2945
2921
2946
2922
2947
2923
2948
2924
2949
2925
2950
2926
2951
2927
2952
2928
2953
2929
2954
2955
3680
2931
2956
2932
2957
2933
2958
2934
2959
2935
2960
2936
2961
2937
2962
2938
2963
2939
2964
2940
2965
2941
2966
2942
2967
2943
2968
2944
2969
2945
2970
2946
2971
2947
2972
2948
2973
2949
2974
2950
2975
2951
2976
2952
2977
2953
2978
2954
2979
2955
2980
2981
3688
2957
2982
2958
2983
2959
2984
2960
2985
2961
2986
2962
2987
2963
2988
2964
2989
2965
2990
2966
2991
2967
2992
2968
2993
2969
2994
2970
2995
2971
2996
2972
2997
2973
2998
2974
2999
2975
3000
2976
3001
2977
3002
2978
3003
2979
3004
2980
3005
2981
3006
3007
3696
2983
3008
2984
3009
2985
3010
2986
3011
2987
3012
2988
3013
2989
3014
2990
3015
2991
3016
2992
3017
2993
3018
2994
3019
2995
3020
2996
3021
2997
3022
2998
3023
2999
3024
3000
3025
3001
3026
3002
3027
3003
3028
3004
3029
3005
3030
3006
3031
3007
3032
3033
3704
3009
3034
3010
3035
3011
3036
3012
3037
3013
3038
3014
3039
3015
3040
3016
3041
3017
3042
3018
3043
3019
3044
3020
3045
3021
3046
3022
3047
3023
3048
3024
3049
3025
3050
3026
3051
3027
3052
3028
3053
3029
3054
3030
3055
3031
3056
3032
3057
3033
3058
3059
3712
3035
3060
3036
3061
3037
3062
3038
3063
3039
3064
3040
3065
3041
3066
3042
3067
3043
3068
3044
3069
3045
3070
3046
3071
3047
3072
3048
3073
3049
3074
3050
3075
3051
3076
3052
3077
3053
3078
3054
3079
3055
3080
3056
3081
3057
3082
3058
3083
3059
3084
3085
3720
3061
3086
3062
3087
3063
3088
3064
3089
3065
3090
3066
3091
3067
3092
3068
3093
3069
3094
3070
3095
3071
3096
3072
3097
3073
3098
3074
3099
3075
3100
3076
3101
3077
3102
3078
3103
3079
3104
3080
3105
3081
3106
3082
3107
3083
3108
3084
3109
3085
3110
3111
3728
3087
3112
3088
3113
3089
3114
3090
3115
3091
3116
3092
3117
3093
3118
3094
3119
3095
3120
3096
3121
3097
3122
3098
3123
3099
3124
3100
3125
3101
3126
3102
3127
3103
3128
3104
3129
3105
3130
3106
3131
3107
3132
3108
3133
3109
3134
3110
3135
3111
3136
3137
3736
3113
3138
3114
3139
3115
3140
3116
3141
3117
3142
3118
3143
3119
3144
3120
3145
3121
3146
3122
3147
3123
3148
3124
3149
3125
3150
3126
3151
3127
3152
3128
3153
3129
3154
3130
3155
3131
3156
3132
3157
3133
3158
3134
3159
3135
3160
3136
3161
3137
3162
3163
3744
3139
3164
3140
3165
3141
3166
3142
3167
3143
3168
3144
3169
3145
3170
3146
3171
3147
3172
3148
3173
3149
3174
3150
3175
3151
3176
3152
3177
3153
3178
3154
3179
3155
3180
3156
3181
3157
3182
3158
3183
3159
3184
3160
3185
3161
3186
3162
3187
3163
3188
3189
3752
3165
3190
3166
3191
3167
3192
3168
3193
3169
3194
3170
3195
3171
3196
3172
3197
3173
3198
3174
3199
3175
3200
3176
3201
3177
3202
3178
3203
3179
3204
3180
3205
3181
3206
3182
3207
3183
3208
3184
3209
3185
3210
3186
3211
3187
3212
3188
3213
3189
3214
3215
3760
3191
5476
3192
5477
3193
5478
3194
5479
3195
5480
3196
5481
3197
5482
3198
5483
3199
5484
3200
5485
3201
5486
3202
5487
3203
5488
3204
5489
3205
5490
3206
5491
3207
5492
3208
5493
3209
5494
3210
5495
3211
5496
3212
5497
3213
5498
3214
5499
3215
5500
3768
5501
3217
3224
3218
3225
3219
3226
3220
3227
3221
3228
3222
3229
3223
3230
3231
3225
3232
3226
3233
3227
3234
3228
3235
3229
3236
3230
3237
3231
3238
3239
3233
3240
3234
3241
3235
3242
3236
3243
3237
3244
3238
3245
3239
3246
3247
3241
3248
3242
3249
3243
3250
3244
3251
3245
3252
3246
3253
3247
3254
3255
3249
3256
3250
3257
3251
3258
3252
3259
3253
3260
3254
3261
3255
3262
3263
3257
3264
3258
3265
3259
3266
3260
3267
3261
3268
3262
3269
3263
3270
3271
3265
3272
3266
3273
3267
3274
3268
3275
3269
3276
3270
3277
3271
3278
3279
3273
3280
3274
3281
3275
3282
3276
3283
3277
3284
3278
3285
3279
3286
3287
3281
3288
3282
3289
3283
3290
3284
3291
3285
3292
3286
3293
3287
3294
3295
3289
3376
3290
3377
3291
3378
3292
3379
3293
3380
3294
3381
3295
3382
3383
3297
3304
3298
3305
3299
3306
3300
3307
3301
3308
3302
3309
3303
3310
3311
3305
3312
3306
3313
3307
3314
3308
3315
3309
3316
3310
3317
3311
3318
3319
3313
3320
3314
3321
3315
3322
3316
3323
3317
3324
3318
3325
3319
3326
3327
3321
3328
3322
3329
3323
3330
3324
3331
3325
3332
3326
3333
3327
3334
3335
3329
3336
3330
3337
3331
3338
3332
3339
3333
3340
3334
3341
3335
3342
3343
3337
3344
3338
3345
3339
3346
3340
3347
3341
3348
3342
3349
3343
3350
3351
3345
3352
3346
3353
3347
3354
3348
3355
3349
3356
3350
3357
3351
3358
3359
3353
3360
3354
3361
3355
3362
3356
3363
3357
3364
3358
3365
3359
3366
3367
3361
3368
3362
3369
3363
3370
3364
3371
3365
3372
3366
3373
3367
3374
3375
3369
3776
3370
3777
3371
3778
3372
3779
3373
3780
3374
3781
3375
3782
3783
3377
3384
3378
3385
3379
3386
3380
3387
3381
3388
3382
3389
3383
3390
3391
3385
3392
3386
3393
3387
3394
3388
3395
3389
3396
3390
3397
3391
3398
3399
3393
3400
3394
3401
3395
3402
3396
3403
3397
3404
3398
3405
3399
3406
3407
3401
3408
3402
3409
3403
3410
3404
3411
3405
3412
3406
3413
3407
3414
3415
3409
3416
3410
3417
3411
3418
3412
3419
3413
3420
3414
3421
3415
3422
3423
3417
3424
3418
3425
3419
3426
3420
3427
3421
3428
3422
3429
3423
3430
3431
3425
3432
3426
3433
3427
3434
3428
3435
3429
3436
3430
3437
3431
3438
3439
3433
3440
3434
3441
3435
3442
3436
3443
3437
3444
3438
3445
3439
3446
3447
3441
3448
3442
3449
3443
3450
3444
3451
3445
3452
3446
3453
3447
3454
3455
3449
3456
3450
3457
3451
3458
3452
3459
3453
3460
3454
3461
3455
3462
3463
3457
3464
3458
3465
3459
3466
3460
3467
3461
3468
3462
3469
3463
3470
3471
3465
3472
3466
3473
3467
3474
3468
3475
3469
3476
3470
3477
3471
3478
3479
3473
3480
3474
3481
3475
3482
3476
3483
3477
3484
3478
3485
3479
3486
3487
3481
3488
3482
3489
3483
3490
3484
3491
3485
3492
3486
3493
3487
3494
3495
3489
3496
3490
3497
3491
3498
3492
3499
3493
3500
3494
3501
3495
3502
3503
3497
3504
3498
3505
3499
3506
3500
3507
3501
3508
3502
3509
3503
3510
3511
3505
3512
3506
3513
3507
3514
3508
3515
3509
3516
3510
3517
3511
3518
3519
3513
3520
3514
3521
3515
3522
3516
3523
3517
3524
3518
3525
3519
3526
3527
3521
3528
3522
3529
3523
3530
3524
3531
3525
3532
3526
3533
3527
3534
3535
3529
3536
3530
3537
3531
3538
3532
3539
3533
3540
3534
3541
3535
3542
3543
3537
3544
3538
3545
3539
3546
3540
3547
3541
3548
3542
3549
3543
3550
3551
3545
3552
3546
3553
3547
3554
3548
3555
3549
3556
3550
3557
3551
3558
3559
3553
3560
3554
3561
3555
3562
3556
3563
3557
3564
3558
3565
3559
3566
3567
3561
3568
3562
3569
3563
3570
3564
3571
3565
3572
3566
3573
3567
3574
3575
3569
3576
3570
3577
3571
3578
3572
3579
3573
3580
3574
3581
3575
3582
3583
3577
3584
3578
3585
3579
3586
3580
3587
3581
3588
3582
3589
3583
3590
3591
3585
3592
3586
3593
3587
3594
3588
3595
3589
3596
3590
3597
3591
3598
3599
3593
3600
3594
3601
3595
3602
3596
3603
3597
3604
3598
3605
3599
3606
3607
3601
3608
3602
3609
3603
3610
3604
3611
3605
3612
3606
3613
3607
3614
3615
3609
3616
3610
3617
3611
3618
3612
3619
3613
3620
3614
3621
3615
3622
3623
3617
3624
3618
3625
3619
3626
3620
3627
3621
3628
3622
3629
3623
3630
3631
3625
3632
3626
3633
3627
3634
3628
3635
3629
3636
3630
3637
3631
3638
3639
3633
3640
3634
3641
3635
3642
3636
3643
3637
3644
3638
3645
3639
3646
3647
3641
3648
3642
3649
3643
3650
3644
3651
3645
3652
3646
3653
3647
3654
3655
3649
3656
3650
3657
3651
3658
3652
3659
3653
3660
3654
3661
3655
3662
3663
3657
3664
3658
3665
3659
3666
3660
3667
3661
3668
3662
3669
3663
3670
3671
3665
3672
3666
3673
3667
3674
3668
3675
3669
3676
3670
3677
3671
3678
3679
3673
3680
3674
3681
3675
3682
3676
3683
3677
3684
3678
3685
3679
3686
3687
3681
3688
3682
3689
3683
3690
3684
3691
3685
3692
3686
3693
3687
3694
3695
3689
3696
3690
3697
3691
3698
3692
3699
3693
3700
3694
3701
3695
3702
3703
3697
3704
3698
3705
3699
3706
3700
3707
3701
3708
3702
3709
3703
3710
3711
3705
3712
3706
3713
3707
3714
3708
3715
3709
3716
3710
3717
3711
3718
3719
3713
3720
3714
3721
3715
3722
3716
3723
3717
3724
3718
3725
3719
3726
3727
3721
3728
3722
3729
3723
3730
3724
3731
3725
3732
3726
3733
3727
3734
3735
3729
3736
3730
3737
3731
3738
3732
3739
3733
3740
3734
3741
3735
3742
3743
3737
3744
3738
3745
3739
3746
3740
3747
3741
3748
3742
3749
3743
3750
3751
3745
3752
3746
3753
3747
3754
3748
3755
3749
3756
3750
3757
3751
3758
3759
3753
3760
3754
3761
3755
3762
3756
3763
3757
3764
3758
3765
3759
3766
3767
3761
3768
3762
3769
3763
3770
3764
3771
3765
3772
3766
3773
3767
3774
3775
3769
7036
3770
7037
3771
7038
3772
7039
3773
7040
3774
7041
3775
7042
7043
3777
3784
3778
3785
3779
3786
3780
3787
3781
3788
3782
3789
3783
3790
3791
4176
3785
3792
3786
3793
3787
3794
3788
3795
3789
3796
3790
3797
3791
3798
3799
4202
3793
3800
3794
3801
3795
3802
3796
3803
3797
3804
3798
3805
3799
3806
3807
4228
3801
3808
3802
3809
3803
3810
3804
3811
3805
3812
3806
3813
3807
3814
3815
4254
3809
3816
3810
3817
3811
3818
3812
3819
3813
3820
3814
3821
3815
3822
3823
4280
3817
3824
3818
3825
3819
3826
3820
3827
3821
3828
3822
3829
3823
3830
3831
4306
3825
3832
3826
3833
3827
3834
3828
3835
3829
3836
3830
3837
3831
3838
3839
4332
3833
3840
3834
3841
3835
3842
3836
3843
3837
3844
3838
3845
3839
3846
3847
4358
3841
3848
3842
3849
3843
3850
3844
3851
3845
3852
3846
3853
3847
3854
3855
4384
3849
3856
3850
3857
3851
3858
3852
3859
3853
3860
3854
3861
3855
3862
3863
4410
3857
3864
3858
3865
3859
3866
3860
3867
3861
3868
3862
3869
3863
3870
3871
4436
3865
3872
3866
3873
3867
3874
3868
3875
3869
3876
3870
3877
3871
3878
3879
4462
3873
3880
3874
3881
3875
3882
3876
3883
3877
3884
3878
3885
3879
3886
3887
4488
3881
3888
3882
3889
3883
3890
3884
3891
3885
3892
3886
3893
3887
3894
3895
4514
3889
3896
3890
3897
3891
3898
3892
3899
3893
3900
3894
3901
3895
3902
3903
4540
3897
3904
3898
3905
3899
3906
3900
3907
3901
3908
3902
3909
3903
3910
3911
4566
3905
3912
3906
3913
3907
3914
3908
3915
3909
3916
3910
3917
3911
3918
3919
4592
3913
3920
3914
3921
3915
3922
3916
3923
3917
3924
3918
3925
3919
3926
3927
4618
3921
3928
3922
3929
3923
3930
3924
3931
3925
3932
3926
3933
3927
3934
3935
4644
3929
3936
3930
3937
3931
3938
3932
3939
3933
3940
3934
3941
3935
3942
3943
4670
3937
3944
3938
3945
3939
3946
3940
3947
3941
3948
3942
3949
3943
3950
3951
4696
3945
3952
3946
3953
3947
3954
3948
3955
3949
3956
3950
3957
3951
3958
3959
4722
3953
3960
3954
3961
3955
3962
3956
3963
3957
3964
3958
3965
3959
3966
3967
4748
3961
3968
3962
3969
3963
3970
3964
3971
3965
3972
3966
3973
3967
3974
3975
4774
3969
3976
3970
3977
3971
3978
3972
3979
3973
3980
3974
3981
3975
3982
3983
4800
3977
3984
3978
3985
3979
3986
3980
3987
3981
3988
3982
3989
3983
3990
3991
4826
3985
3992
3986
3993
3987
3994
3988
3995
3989
3996
3990
3997
3991
3998
3999
4852
3993
4000
3994
4001
3995
4002
3996
4003
3997
4004
3998
4005
3999
4006
4007
4878
4001
4008
4002
4009
4003
4010
4004
4011
4005
4012
4006
4013
4007
4014
4015
4904
4009
4016
4010
4017
4011
4018
4012
4019
4013
4020
4014
4021
4015
4022
4023
4930
4017
4024
4018
4025
4019
4026
4020
4027
4021
4028
4022
4029
4023
4030
4031
4956
4025
4032
4026
4033
4027
4034
4028
4035
4029
4036
4030
4037
4031
4038
4039
4982
4033
4040
4034
4041
4035
4042
4036
4043
4037
4044
4038
4045
4039
4046
4047
5008
4041
4048
4042
4049
4043
4050
4044
4051
4045
4052
4046
4053
4047
4054
4055
5034
4049
4056
4050
4057
4051
4058
4052
4059
4053
4060
4054
4061
4055
4062
4063
5060
4057
4064
4058
4065
4059
4066
4060
4067
4061
4068
4062
4069
4063
4070
4071
5086
4065
4072
4066
4073
4067
4074
4068
4075
4069
4076
4070
4077
4071
4078
4079
5112
4073
4080
4074
4081
4075
4082
4076
4083
4077
4084
4078
4085
4079
4086
4087
5138
4081
4088
4082
4089
4083
4090
4084
4091
4085
4092
4086
4093
4087
4094
4095
5164
4089
4096
4090
4097
4091
4098
4092
4099
4093
4100
4094
4101
4095
4102
4103
5190
4097
4104
4098
4105
4099
4106
4100
4107
4101
4108
4102
4109
4103
4110
4111
5216
4105
4112
4106
4113
4107
4114
4108
4115
4109
4116
4110
4117
4111
4118
4119
5242
4113
4120
4114
4121
4115
4122
4116
4123
4117
4124
4118
4125
4119
4126
4127
5268
4121
4128
4122
4129
4123
4130
4124
4131
4125
4132
4126
4133
4127
4134
4135
5294
4129
4136
4130
4137
4131
4138
4132
4139
4133
4140
4134
4141
4135
4142
4143
5320
4137
4144
4138
4145
4139
4146
4140
4147
4141
4148
4142
4149
4143
4150
4151
5346
4145
4152
4146
4153
4147
4154
4148
4155
4149
4156
4150
4157
4151
4158
4159
5372
4153
4160
4154
4161
4155
4162
4156
4163
4157
4164
4158
4165
4159
4166
4167
5398
4161
4168
4162
4169
4163
4170
4164
4171
4165
4172
4166
4173
4167
4174
4175
5424
4169
7636
4170
7637
4171
7638
4172
7639
4173
7640
4174
7641
4175
7642
5450
7643
4177
4202
4178
4203
4179
4204
4180
4205
4181
4206
4182
4207
4183
4208
4184
4209
4185
4210
4186
4211
4187
4212
4188
4213
4189
4214
4190
4215
4191
4216
4192
4217
4193
4218
4194
4219
4195
4220
4196
4221
4197
4222
4198
4223
4199
4224
4200
4225
4201
4226
4227
4203
4228
4204
4229
4205
4230
4206
4231
4207
4232
4208
4233
4209
4234
4210
4235
4211
4236
4212
4237
4213
4238
4214
4239
4215
4240
4216
4241
4217
4242
4218
4243
4219
4244
4220
4245
4221
4246
4222
4247
4223
4248
4224
4249
4225
4250
4226
4251
4227
4252
4253
4229
4254
4230
4255
4231
4256
4232
4257
4233
4258
4234
4259
4235
4260
4236
4261
4237
4262
4238
4263
4239
4264
4240
4265
4241
4266
4242
4267
4243
4268
4244
4269
4245
4270
4246
4271
4247
4272
4248
4273
4249
4274
4250
4275
4251
4276
4252
4277
4253
4278
4279
4255
4280
4256
4281
4257
4282
4258
4283
4259
4284
4260
4285
4261
4286
4262
4287
4263
4288
4264
4289
4265
4290
4266
4291
4267
4292
4268
4293
4269
4294
4270
4295
4271
4296
4272
4297
4273
4298
4274
4299
4275
4300
4276
4301
4277
4302
4278
4303
4279
4304
4305
4281
4306
4282
4307
4283
4308
4284
4309
4285
4310
4286
4311
4287
4312
4288
4313
4289
4314
4290
4315
4291
4316
4292
4317
4293
4318
4294
4319
4295
4320
4296
4321
4297
4322
4298
4323
4299
4324
4300
4325
4301
4326
4302
4327
4303
4328
4304
4329
4305
4330
4331
4307
4332
4308
4333
4309
4334
4310
4335
4311
4336
4312
4337
4313
4338
4314
4339
4315
4340
4316
4341
4317
4342
4318
4343
4319
4344
4320
4345
4321
4346
4322
4347
4323
4348
4324
4349
4325
4350
4326
4351
4327
4352
4328
4353
4329
4354
4330
4355
4331
4356
4357
4333
4358
4334
4359
4335
4360
4336
4361
4337
4362
4338
4363
4339
4364
4340
4365
4341
4366
4342
4367
4343
4368
4344
4369
4345
4370
4346
4371
4347
4372
4348
4373
4349
4374
4350
4375
4351
4376
4352
4377
4353
4378
4354
4379
4355
4380
4356
4381
4357
4382
4383
4359
4384
4360
4385
4361
4386
4362
4387
4363
4388
4364
4389
4365
4390
4366
4391
4367
4392
4368
4393
4369
4394
4370
4395
4371
4396
4372
4397
4373
4398
4374
4399
4375
4400
4376
4401
4377
4402
4378
4403
4379
4404
4380
4405
4381
4406
4382
4407
4383
4408
4409
4385
4410
4386
4411
4387
4412
4388
4413
4389
4414
4390
4415
4391
4416
4392
4417
4393
4418
4394
4419
4395
4420
4396
4421
4397
4422
4398
4423
4399
4424
4400
4425
4401
4426
4402
4427
4403
4428
4404
4429
4405
4430
4406
4431
4407
4432
4408
4433
4409
4434
4435
4411
4436
4412
4437
4413
4438
4414
4439
4415
4440
4416
4441
4417
4442
4418
4443
4419
4444
4420
4445
4421
4446
4422
4447
4423
4448
4424
4449
4425
4450
4426
4451
4427
4452
4428
4453
4429
4454
4430
4455
4431
4456
4432
4457
4433
4458
4434
4459
4435
4460
4461
4437
4462
4438
4463
4439
4464
4440
4465
4441
4466
4442
4467
4443
4468
4444
4469
4445
4470
4446
4471
4447
4472
4448
4473
4449
4474
4450
4475
4451
4476
4452
4477
4453
4478
4454
4479
4455
4480
4456
4481
4457
4482
4458
4483
4459
4484
4460
4485
4461
4486
4487
4463
4488
4464
4489
4465
4490
4466
4491
4467
4492
4468
4493
4469
4494
4470
4495
4471
4496
4472
4497
4473
4498
4474
4499
4475
4500
4476
4501
4477
4502
4478
4503
4479
4504
4480
4505
4481
4506
4482
4507
4483
4508
4484
4509
4485
4510
4486
4511
4487
4512
4513
4489
4514
4490
4515
4491
4516
4492
4517
4493
4518
4494
4519
4495
4520
4496
4521
4497
4522
4498
4523
4499
4524
4500
4525
4501
4526
4502
4527
4503
4528
4504
4529
4505
4530
4506
4531
4507
4532
4508
4533
4509
4534
4510
4535
4511
4536
4512
4537
4513
4538
4539
4515
4540
4516
4541
4517
4542
4518
4543
4519
4544
4520
4545
4521
4546
4522
4547
4523
4548
4524
4549
4525
4550
4526
4551
4527
4552
4528
4553
4529
4554
4530
4555
4531
4556
4532
4557
4533
4558
4534
4559
4535
4560
4536
4561
4537
4562
4538
4563
4539
4564
4565
4541
4566
4542
4567
4543
4568
4544
4569
4545
4570
4546
4571
4547
4572
4548
4573
4549
4574
4550
4575
4551
4576
4552
4577
4553
4578
4554
4579
4555
4580
4556
4581
4557
4582
4558
4583
4559
4584
4560
4585
4561
4586
4562
4587
4563
4588
4564
4589
4565
4590
4591
4567
4592
4568
4593
4569
4594
4570
4595
4571
4596
4572
4597
4573
4598
4574
4599
4575
4600
4576
4601
4577
4602
4578
4603
4579
4604
4580
4605
4581
4606
4582
4607
4583
4608
4584
4609
4585
4610
4586
4611
4587
4612
4588
4613
4589
4614
4590
4615
4591
4616
4617
4593
4618
4594
4619
4595
4620
4596
4621
4597
4622
4598
4623
4599
4624
4600
4625
4601
4626
4602
4627
4603
4628
4604
4629
4605
4630
4606
4631
4607
4632
4608
4633
4609
4634
4610
4635
4611
4636
4612
4637
4613
4638
4614
4639
4615
4640
4616
4641
4617
4642
4643
4619
4644
4620
4645
4621
4646
4622
4647
4623
4648
4624
4649
4625
4650
4626
4651
4627
4652
4628
4653
4629
4654
4630
4655
4631
4656
4632
4657
4633
4658
4634
4659
4635
4660
4636
4661
4637
4662
4638
4663
4639
4664
4640
4665
4641
4666
4642
4667
4643
4668
4669
4645
4670
4646
4671
4647
4672
4648
4673
4649
4674
4650
4675
4651
4676
4652
4677
4653
4678
4654
4679
4655
4680
4656
4681
4657
4682
4658
4683
4659
4684
4660
4685
4661
4686
4662
4687
4663
4688
4664
4689
4665
4690
4666
4691
4667
4692
4668
4693
4669
4694
4695
4671
4696
4672
4697
4673
4698
4674
4699
4675
4700
4676
4701
4677
4702
4678
4703
4679
4704
4680
4705
4681
4706
4682
4707
4683
4708
4684
4709
4685
4710
4686
4711
4687
4712
4688
4713
4689
4714
4690
4715
4691
4716
4692
4717
4693
4718
4694
4719
4695
4720
4721
4697
4722
4698
4723
4699
4724
4700
4725
4701
4726
4702
4727
4703
4728
4704
4729
4705
4730
4706
4731
4707
4732
4708
4733
4709
4734
4710
4735
4711
4736
4712
4737
4713
4738
4714
4739
4715
4740
4716
4741
4717
4742
4718
4743
4719
4744
4720
4745
4721
4746
4747
4723
4748
4724
4749
4725
4750
4726
4751
4727
4752
4728
4753
4729
4754
4730
4755
4731
4756
4732
4757
4733
4758
4734
4759
4735
4760
4736
4761
4737
4762
4738
4763
4739
4764
4740
4765
4741
4766
4742
4767
4743
4768
4744
4769
4745
4770
4746
4771
4747
4772
4773
4749
4774
4750
4775
4751
4776
4752
4777
4753
4778
4754
4779
4755
4780
4756
4781
4757
4782
4758
4783
4759
4784
4760
4785
4761
4786
4762
4787
4763
4788
4764
4789
4765
4790
4766
4791
4767
4792
4768
4793
4769
4794
4770
4795
4771
4796
4772
4797
4773
4798
4799
4775
4800
4776
4801
4777
4802
4778
4803
4779
4804
4780
4805
4781
4806
4782
4807
4783
4808
4784
4809
4785
4810
4786
4811
4787
4812
4788
4813
4789
4814
4790
4815
4791
4816
4792
4817
4793
4818
4794
4819
4795
4820
4796
4821
4797
4822
4798
4823
4799
4824
4825
4801
4826
4802
4827
4803
4828
4804
4829
4805
4830
4806
4831
4807
4832
4808
4833
4809
4834
4810
4835
4811
4836
4812
4837
4813
4838
4814
4839
4815
4840
4816
4841
4817
4842
4818
4843
4819
4844
4820
4845
4821
4846
4822
4847
4823
4848
4824
4849
4825
4850
4851
4827
4852
4828
4853
4829
4854
4830
4855
4831
4856
4832
4857
4833
4858
4834
4859
4835
4860
4836
4861
4837
4862
4838
4863
4839
4864
4840
4865
4841
4866
4842
4867
4843
4868
4844
4869
4845
4870
4846
4871
4847
4872
4848
4873
4849
4874
4850
4875
4851
4876
4877
4853
4878
4854
4879
4855
4880
4856
4881
4857
4882
4858
4883
4859
4884
4860
4885
4861
4886
4862
4887
4863
4888
4864
4889
4865
4890
4866
4891
4867
4892
4868
4893
4869
4894
4870
4895
4871
4896
4872
4897
4873
4898
4874
4899
4875
4900
4876
4901
4877
4902
4903
4879
4904
4880
4905
4881
4906
4882
4907
4883
4908
4884
4909
4885
4910
4886
4911
4887
4912
4888
4913
4889
4914
4890
4915
4891
4916
4892
4917
4893
4918
4894
4919
4895
4920
4896
4921
4897
4922
4898
4923
4899
4924
4900
4925
4901
4926
4902
4927
4903
4928
4929
4905
4930
4906
4931
4907
4932
4908
4933
4909
4934
4910
4935
4911
4936
4912
4937
4913
4938
4914
4939
4915
4940
4916
4941
4917
4942
4918
4943
4919
4944
4920
4945
4921
4946
4922
4947
4923
4948
4924
4949
4925
4950
4926
4951
4927
4952
4928
4953
4929
4954
4955
4931
4956
4932
4957
4933
4958
4934
4959
4935
4960
4936
4961
4937
4962
4938
4963
4939
4964
4940
4965
4941
4966
4942
4967
4943
4968
4944
4969
4945
4970
4946
4971
4947
4972
4948
4973
4949
4974
4950
4975
4951
4976
4952
4977
4953
4978
4954
4979
4955
4980
4981
4957
4982
4958
4983
4959
4984
4960
4985
4961
4986
4962
4987
4963
4988
4964
4989
4965
4990
4966
4991
4967
4992
4968
4993
4969
4994
4970
4995
4971
4996
4972
4997
4973
4998
4974
4999
4975
5000
4976
5001
4977
5002
4978
5003
4979
5004
4980
5005
4981
5006
5007
4983
5008
4984
5009
4985
5010
4986
5011
4987
5012
4988
5013
4989
5014
4990
5015
4991
5016
4992
5017
4993
5018
4994
5019
4995
5020
4996
5021
4997
5022
4998
5023
4999
5024
5000
5025
5001
5026
5002
5027
5003
5028
5004
5029
5005
5030
5006
5031
5007
5032
5033
5009
5034
5010
5035
5011
5036
5012
5037
5013
5038
5014
5039
5015
5040
5016
5041
5017
5042
5018
5043
5019
5044
5020
5045
5021
5046
5022
5047
5023
5048
5024
5049
5025
5050
5026
5051
5027
5052
5028
5053
5029
5054
5030
5055
5031
5056
5032
5057
5033
5058
5059
5035
5060
5036
5061
5037
5062
5038
5063
5039
5064
5040
5065
5041
5066
5042
5067
5043
5068
5044
5069
5045
5070
5046
5071
5047
5072
5048
5073
5049
5074
5050
5075
5051
5076
5052
5077
5053
5078
5054
5079
5055
5080
5056
5081
5057
5082
5058
5083
5059
5084
5085
5061
5086
5062
5087
5063
5088
5064
5089
5065
5090
5066
5091
5067
5092
5068
5093
5069
5094
5070
5095
5071
5096
5072
5097
5073
5098
5074
5099
5075
5100
5076
5101
5077
5102
5078
5103
5079
5104
5080
5105
5081
5106
5082
5107
5083
5108
5084
5109
5085
5110
5111
5087
5112
5088
5113
5089
5114
5090
5115
5091
5116
5092
5117
5093
5118
5094
5119
5095
5120
5096
5121
5097
5122
5098
5123
5099
5124
5100
5125
5101
5126
5102
5127
5103
5128
5104
5129
5105
5130
5106
5131
5107
5132
5108
5133
5109
5134
5110
5135
5111
5136
5137
5113
5138
5114
5139
5115
5140
5116
5141
5117
5142
5118
5143
5119
5144
5120
5145
5121
5146
5122
5147
5123
5148
5124
5149
5125
5150
5126
5151
5127
5152
5128
5153
5129
5154
5130
5155
5131
5156
5132
5157
5133
5158
5134
5159
5135
5160
5136
5161
5137
5162
5163
5139
5164
5140
5165
5141
5166
5142
5167
5143
5168
5144
5169
5145
5170
5146
5171
5147
5172
5148
5173
5149
5174
5150
5175
5151
5176
5152
5177
5153
5178
5154
5179
5155
5180
5156
5181
5157
5182
5158
5183
5159
5184
5160
5185
5161
5186
5162
5187
5163
5188
5189
5165
5190
5166
5191
5167
5192
5168
5193
5169
5194
5170
5195
5171
5196
5172
5197
5173
5198
5174
5199
5175
5200
5176
5201
5177
5202
5178
5203
5179
5204
5180
5205
5181
5206
5182
5207
5183
5208
5184
5209
5185
5210
5186
5211
5187
5212
5188
5213
5189
5214
5215
5191
5216
5192
5217
5193
5218
5194
5219
5195
5220
5196
5221
5197
5222
5198
5223
5199
5224
5200
5225
5201
5226
5202
5227
5203
5228
5204
5229
5205
5230
5206
5231
5207
5232
5208
5233
5209
5234
5210
5235
5211
5236
5212
5237
5213
5238
5214
5239
5215
5240
5241
5217
5242
5218
5243
5219
5244
5220
5245
5221
5246
5222
5247
5223
5248
5224
5249
5225
5250
5226
5251
5227
5252
5228
5253
5229
5254
5230
5255
5231
5256
5232
5257
5233
5258
5234
5259
5235
5260
5236
5261
5237
5262
5238
5263
5239
5264
5240
5265
5241
5266
5267
5243
5268
5244
5269
5245
5270
5246
5271
5247
5272
5248
5273
5249
5274
5250
5275
5251
5276
5252
5277
5253
5278
5254
5279
5255
5280
5256
5281
5257
5282
5258
5283
5259
5284
5260
5285
5261
5286
5262
5287
5263
5288
5264
5289
5265
5290
5266
5291
5267
5292
5293
5269
5294
5270
5295
5271
5296
5272
5297
5273
5298
5274
5299
5275
5300
5276
5301
5277
5302
5278
5303
5279
5304
5280
5305
5281
5306
5282
5307
5283
5308
5284
5309
5285
5310
5286
5311
5287
5312
5288
5313
5289
5314
5290
5315
5291
5316
5292
5317
5293
5318
5319
5295
5320
5296
5321
5297
5322
5298
5323
5299
5324
5300
5325
5301
5326
5302
5327
5303
5328
5304
5329
5305
5330
5306
5331
5307
5332
5308
5333
5309
5334
5310
5335
5311
5336
5312
5337
5313
5338
5314
5339
5315
5340
5316
5341
5317
5342
5318
5343
5319
5344
5345
5321
5346
5322
5347
5323
5348
5324
5349
5325
5350
5326
5351
5327
5352
5328
5353
5329
5354
5330
5355
5331
5356
5332
5357
5333
5358
5334
5359
5335
5360
5336
5361
5337
5362
5338
5363
5339
5364
5340
5365
5341
5366
5342
5367
5343
5368
5344
5369
5345
5370
5371
5347
5372
5348
5373
5349
5374
5350
5375
5351
5376
5352
5377
5353
5378
5354
5379
5355
5380
5356
5381
5357
5382
5358
5383
5359
5384
5360
5385
5361
5386
5362
5387
5363
5388
5364
5389
5365
5390
5366
5391
5367
5392
5368
5393
5369
5394
5370
5395
5371
5396
5397
5373
5398
5374
5399
5375
5400
5376
5401
5377
5402
5378
5403
5379
5404
5380
5405
5381
5406
5382
5407
5383
5408
5384
5409
5385
5410
5386
5411
5387
5412
5388
5413
5389
5414
5390
5415
5391
5416
5392
5417
5393
5418
5394
5419
5395
5420
5396
5421
5397
5422
5423
5399
5424
5400
5425
5401
5426
5402
5427
5403
5428
5404
5429
5405
5430
5406
5431
5407
5432
5408
5433
5409
5434
5410
5435
5411
5436
5412
5437
5413
5438
5414
5439
5415
5440
5416
5441
5417
5442
5418
5443
5419
5444
5420
5445
5421
5446
5422
5447
5423
5448
5449
5425
5450
5426
5451
5427
5452
5428
5453
5429
5454
5430
5455
5431
5456
5432
5457
5433
5458
5434
5459
5435
5460
5436
5461
5437
5462
5438
5463
5439
5464
5440
5465
5441
5466
5442
5467
5443
5468
5444
5469
5445
5470
5446
5471
5447
5472
5448
5473
5449
5474
5475
5451
8116
5452
8117
5453
8118
5454
8119
5455
8120
5456
8121
5457
8122
5458
8123
5459
8124
5460
8125
5461
8126
5462
8127
5463
8128
5464
8129
5465
8130
5466
8131
5467
8132
5468
8133
5469
8134
5470
8135
5471
8136
5472
8137
5473
8138
5474
8139
5475
8140
8141
5477
5502
5478
5503
5479
5504
5480
5505
5481
5506
5482
5507
5483
5508
5484
5509
5485
5510
5486
5511
5487
5512
5488
5513
5489
5514
5490
5515
5491
5516
5492
5517
5493
5518
5494
5519
5495
5520
5496
5521
5497
5522
5498
5523
5499
5524
5500
5525
5501
5526
5527
7036
5503
5528
5504
5529
5505
5530
5506
5531
5507
5532
5508
5533
5509
5534
5510
5535
5511
5536
5512
5537
5513
5538
5514
5539
5515
5540
5516
5541
5517
5542
5518
5543
5519
5544
5520
5545
5521
5546
5522
5547
5523
5548
5524
5549
5525
5550
5526
5551
5527
5552
5553
7044
5529
5554
5530
5555
5531
5556
5532
5557
5533
5558
5534
5559
5535
5560
5536
5561
5537
5562
5538
5563
5539
5564
5540
5565
5541
5566
5542
5567
5543
5568
5544
5569
5545
5570
5546
5571
5547
5572
5548
5573
5549
5574
5550
5575
5551
5576
5552
5577
5553
5578
5579
7052
5555
5580
5556
5581
5557
5582
5558
5583
5559
5584
5560
5585
5561
5586
5562
5587
5563
5588
5564
5589
5565
5590
5566
5591
5567
5592
5568
5593
5569
5594
5570
5595
5571
5596
5572
5597
5573
5598
5574
5599
5575
5600
5576
5601
5577
5602
5578
5603
5579
5604
5605
7060
5581
5606
5582
5607
5583
5608
5584
5609
5585
5610
5586
5611
5587
5612
5588
5613
5589
5614
5590
5615
5591
5616
5592
5617
5593
5618
5594
5619
5595
5620
5596
5621
5597
5622
5598
5623
5599
5624
5600
5625
5601
5626
5602
5627
5603
5628
5604
5629
5605
5630
5631
7068
5607
5632
5608
5633
5609
5634
5610
5635
5611
5636
5612
5637
5613
5638
5614
5639
5615
5640
5616
5641
5617
5642
5618
5643
5619
5644
5620
5645
5621
5646
5622
5647
5623
5648
5624
5649
5625
5650
5626
5651
5627
5652
5628
5653
5629
5654
5630
5655
5631
5656
5657
7076
5633
5658
5634
5659
5635
5660
5636
5661
5637
5662
5638
5663
5639
5664
5640
5665
5641
5666
5642
5667
5643
5668
5644
5669
5645
5670
5646
5671
5647
5672
5648
5673
5649
5674
5650
5675
5651
5676
5652
5677
5653
5678
5654
5679
5655
5680
5656
5681
5657
5682
5683
7084
5659
5684
5660
5685
5661
5686
5662
5687
5663
5688
5664
5689
5665
5690
5666
5691
5667
5692
5668
5693
5669
5694
5670
5695
5671
5696
5672
5697
5673
5698
5674
5699
5675
5700
5676
5701
5677
5702
5678
5703
5679
5704
5680
5705
5681
5706
5682
5707
5683
5708
5709
7092
5685
5710
5686
5711
5687
5712
5688
5713
5689
5714
5690
5715
5691
5716
5692
5717
5693
5718
5694
5719
5695
5720
5696
5721
5697
5722
5698
5723
5699
5724
5700
5725
5701
5726
5702
5727
5703
5728
5704
5729
5705
5730
5706
5731
5707
5732
5708
5733
5709
5734
5735
7100
5711
5736
5712
5737
5713
5738
5714
5739
5715
5740
5716
5741
5717
5742
5718
5743
5719
5744
5720
5745
5721
5746
5722
5747
5723
5748
5724
5749
5725
5750
5726
5751
5727
5752
5728
5753
5729
5754
5730
5755
5731
5756
5732
5757
5733
5758
5734
5759
5735
5760
5761
7108
5737
5762
5738
5763
5739
5764
5740
5765
5741
5766
5742
5767
5743
5768
5744
5769
5745
5770
5746
5771
5747
5772
5748
5773
5749
5774
5750
5775
5751
5776
5752
5777
5753
5778
5754
5779
5755
5780
5756
5781
5757
5782
5758
5783
5759
5784
5760
5785
5761
5786
5787
7116
5763
5788
5764
5789
5765
5790
5766
5791
5767
5792
5768
5793
5769
5794
5770
5795
5771
5796
5772
5797
5773
5798
5774
5799
5775
5800
5776
5801
5777
5802
5778
5803
5779
5804
5780
5805
5781
5806
5782
5807
5783
5808
5784
5809
5785
5810
5786
5811
5787
5812
5813
7124
5789
5814
5790
5815
5791
5816
5792
5817
5793
5818
5794
5819
5795
5820
5796
5821
5797
5822
5798
5823
5799
5824
5800
5825
5801
5826
5802
5827
5803
5828
5804
5829
5805
5830
5806
5831
5807
5832
5808
5833
5809
5834
5810
5835
5811
5836
5812
5837
5813
5838
5839
7132
5815
5840
5816
5841
5817
5842
5818
5843
5819
5844
5820
5845
5821
5846
5822
5847
5823
5848
5824
5849
5825
5850
5826
5851
5827
5852
5828
5853
5829
5854
5830
5855
5831
5856
5832
5857
5833
5858
5834
5859
5835
5860
5836
5861
5837
5862
5838
5863
5839
5864
5865
7140
5841
5866
5842
5867
5843
5868
5844
5869
5845
5870
5846
5871
5847
5872
5848
5873
5849
5874
5850
5875
5851
5876
5852
5877
5853
5878
5854
5879
5855
5880
5856
5881
5857
5882
5858
5883
5859
5884
5860
5885
5861
5886
5862
5887
5863
5888
5864
5889
5865
5890
5891
7148
5867
5892
5868
5893
5869
5894
5870
5895
5871
5896
5872
5897
5873
5898
5874
5899
5875
5900
5876
5901
5877
5902
5878
5903
5879
5904
5880
5905
5881
5906
5882
5907
5883
5908
5884
5909
5885
5910
5886
5911
5887
5912
5888
5913
5889
5914
5890
5915
5891
5916
5917
7156
5893
5918
5894
5919
5895
5920
5896
5921
5897
5922
5898
5923
5899
5924
5900
5925
5901
5926
5902
5927
5903
5928
5904
5929
5905
5930
5906
5931
5907
5932
5908
5933
5909
5934
5910
5935
5911
5936
5912
5937
5913
5938
5914
5939
5915
5940
5916
5941
5917
5942
5943
7164
5919
5944
5920
5945
5921
5946
5922
5947
5923
5948
5924
5949
5925
5950
5926
5951
5927
5952
5928
5953
5929
5954
5930
5955
5931
5956
5932
5957
5933
5958
5934
5959
5935
5960
5936
5961
5937
5962
5938
5963
5939
5964
5940
5965
5941
5966
5942
5967
5943
5968
5969
7172
5945
5970
5946
5971
5947
5972
5948
5973
5949
5974
5950
5975
5951
5976
5952
5977
5953
5978
5954
5979
5955
5980
5956
5981
5957
5982
5958
5983
5959
5984
5960
5985
5961
5986
5962
5987
5963
5988
5964
5989
5965
5990
5966
5991
5967
5992
5968
5993
5969
5994
5995
7180
5971
5996
5972
5997
5973
5998
5974
5999
5975
6000
5976
6001
5977
6002
5978
6003
5979
6004
5980
6005
5981
6006
5982
6007
5983
6008
5984
6009
5985
6010
5986
6011
5987
6012
5988
6013
5989
6014
5990
6015
5991
6016
5992
6017
5993
6018
5994
6019
5995
6020
6021
7188
5997
6022
5998
6023
5999
6024
6000
6025
6001
6026
6002
6027
6003
6028
6004
6029
6005
6030
6006
6031
6007
6032
6008
6033
6009
6034
6010
6035
6011
6036
6012
6037
6013
6038
6014
6039
6015
6040
6016
6041
6017
6042
6018
6043
6019
6044
6020
6045
6021
6046
6047
7196
6023
6048
6024
6049
6025
6050
6026
6051
6027
6052
6028
6053
6029
6054
6030
6055
6031
6056
6032
6057
6033
6058
6034
6059
6035
6060
6036
6061
6037
6062
6038
6063
6039
6064
6040
6065
6041
6066
6042
6067
6043
6068
6044
6069
6045
6070
6046
6071
6047
6072
6073
7204
6049
6074
6050
6075
6051
6076
6052
6077
6053
6078
6054
6079
6055
6080
6056
6081
6057
6082
6058
6083
6059
6084
6060
6085
6061
6086
6062
6087
6063
6088
6064
6089
6065
6090
6066
6091
6067
6092
6068
6093
6069
6094
6070
6095
6071
6096
6072
6097
6073
6098
6099
7212
6075
6100
6076
6101
6077
6102
6078
6103
6079
6104
6080
6105
6081
6106
6082
6107
6083
6108
6084
6109
6085
6110
6086
6111
6087
6112
6088
6113
6089
6114
6090
6115
6091
6116
6092
6117
6093
6118
6094
6119
6095
6120
6096
6121
6097
6122
6098
6123
6099
6124
6125
7220
6101
6126
6102
6127
6103
6128
6104
6129
6105
6130
6106
6131
6107
6132
6108
6133
6109
6134
6110
6135
6111
6136
6112
6137
6113
6138
6114
6139
6115
6140
6116
6141
6117
6142
6118
6143
6119
6144
6120
6145
6121
6146
6122
6147
6123
6148
6124
6149
6125
6150
6151
7228
6127
6152
6128
6153
6129
6154
6130
6155
6131
6156
6132
6157
6133
6158
6134
6159
6135
6160
6136
6161
6137
6162
6138
6163
6139
6164
6140
6165
6141
6166
6142
6167
6143
6168
6144
6169
6145
6170
6146
6171
6147
6172
6148
6173
6149
6174
6150
6175
6151
6176
6177
7236
6153
6178
6154
6179
6155
6180
6156
6181
6157
6182
6158
6183
6159
6184
6160
6185
6161
6186
6162
6187
6163
6188
6164
6189
6165
6190
6166
6191
6167
6192
6168
6193
6169
6194
6170
6195
6171
6196
6172
6197
6173
6198
6174
6199
6175
6200
6176
6201
6177
6202
6203
7244
6179
6204
6180
6205
6181
6206
6182
6207
6183
6208
6184
6209
6185
6210
6186
6211
6187
6212
6188
6213
6189
6214
6190
6215
6191
6216
6192
6217
6193
6218
6194
6219
6195
6220
6196
6221
6197
6222
6198
6223
6199
6224
6200
6225
6201
6226
6202
6227
6203
6228
6229
7252
6205
6230
6206
6231
6207
6232
6208
6233
6209
6234
6210
6235
6211
6236
6212
6237
6213
6238
6214
6239
6215
6240
6216
6241
6217
6242
6218
6243
6219
6244
6220
6245
6221
6246
6222
6247
6223
6248
6224
6249
6225
6250
6226
6251
6227
6252
6228
6253
6229
6254
6255
7260
6231
6256
6232
6257
6233
6258
6234
6259
6235
6260
6236
6261
6237
6262
6238
6263
6239
6264
6240
6265
6241
6266
6242
6267
6243
6268
6244
6269
6245
6270
6246
6271
6247
6272
6248
6273
6249
6274
6250
6275
6251
6276
6252
6277
6253
6278
6254
6279
6255
6280
6281
7268
6257
6282
6258
6283
6259
6284
6260
6285
6261
6286
6262
6287
6263
6288
6264
6289
6265
6290
6266
6291
6267
6292
6268
6293
6269
6294
6270
6295
6271
6296
6272
6297
6273
6298
6274
6299
6275
6300
6276
6301
6277
6302
6278
6303
6279
6304
6280
6305
6281
6306
6307
7276
6283
6308
6284
6309
6285
6310
6286
6311
6287
6312
6288
6313
6289
6314
6290
6315
6291
6316
6292
6317
6293
6318
6294
6319
6295
6320
6296
6321
6297
6322
6298
6323
6299
6324
6300
6325
6301
6326
6302
6327
6303
6328
6304
6329
6305
6330
6306
6331
6307
6332
6333
7284
6309
6334
6310
6335
6311
6336
6312
6337
6313
6338
6314
6339
6315
6340
6316
6341
6317
6342
6318
6343
6319
6344
6320
6345
6321
6346
6322
6347
6323
6348
6324
6349
6325
6350
6326
6351
6327
6352
6328
6353
6329
6354
6330
6355
6331
6356
6332
6357
6333
6358
6359
7292
6335
6360
6336
6361
6337
6362
6338
6363
6339
6364
6340
6365
6341
6366
6342
6367
6343
6368
6344
6369
6345
6370
6346
6371
6347
6372
6348
6373
6349
6374
6350
6375
6351
6376
6352
6377
6353
6378
6354
6379
6355
6380
6356
6381
6357
6382
6358
6383
6359
6384
6385
7300
6361
6386
6362
6387
6363
6388
6364
6389
6365
6390
6366
6391
6367
6392
6368
6393
6369
6394
6370
6395
6371
6396
6372
6397
6373
6398
6374
6399
6375
6400
6376
6401
6377
6402
6378
6403
6379
6404
6380
6405
6381
6406
6382
6407
6383
6408
6384
6409
6385
6410
6411
7308
6387
6412
6388
6413
6389
6414
6390
6415
6391
6416
6392
6417
6393
6418
6394
6419
6395
6420
6396
6421
6397
6422
6398
6423
6399
6424
6400
6425
6401
6426
6402
6427
6403
6428
6404
6429
6405
6430
6406
6431
6407
6432
6408
6433
6409
6434
6410
6435
6411
6436
6437
7316
6413
6438
6414
6439
6415
6440
6416
6441
6417
6442
6418
6443
6419
6444
6420
6445
6421
6446
6422
6447
6423
6448
6424
6449
6425
6450
6426
6451
6427
6452
6428
6453
6429
6454
6430
6455
6431
6456
6432
6457
6433
6458
6434
6459
6435
6460
6436
6461
6437
6462
6463
7324
6439
6464
6440
6465
6441
6466
6442
6467
6443
6468
6444
6469
6445
6470
6446
6471
6447
6472
6448
6473
6449
6474
6450
6475
6451
6476
6452
6477
6453
6478
6454
6479
6455
6480
6456
6481
6457
6482
6458
6483
6459
6484
6460
6485
6461
6486
6462
6487
6463
6488
6489
7332
6465
6490
6466
6491
6467
6492
6468
6493
6469
6494
6470
6495
6471
6496
6472
6497
6473
6498
6474
6499
6475
6500
6476
6501
6477
6502
6478
6503
6479
6504
6480
6505
6481
6506
6482
6507
6483
6508
6484
6509
6485
6510
6486
6511
6487
6512
6488
6513
6489
6514
6515
7340
6491
6516
6492
6517
6493
6518
6494
6519
6495
6520
6496
6521
6497
6522
6498
6523
6499
6524
6500
6525
6501
6526
6502
6527
6503
6528
6504
6529
6505
6530
6506
6531
6507
6532
6508
6533
6509
6534
6510
6535
6511
6536
6512
6537
6513
6538
6514
6539
6515
6540
6541
7348
6517
6542
6518
6543
6519
6544
6520
6545
6521
6546
6522
6547
6523
6548
6524
6549
6525
6550
6526
6551
6527
6552
6528
6553
6529
6554
6530
6555
6531
6556
6532
6557
6533
6558
6534
6559
6535
6560
6536
6561
6537
6562
6538
6563
6539
6564
6540
6565
6541
6566
6567
7356
6543
6568
6544
6569
6545
6570
6546
6571
6547
6572
6548
6573
6549
6574
6550
6575
6551
6576
6552
6577
6553
6578
6554
6579
6555
6580
6556
6581
6557
6582
6558
6583
6559
6584
6560
6585
6561
6586
6562
6587
6563
6588
6564
6589
6565
6590
6566
6591
6567
6592
6593
7364
6569
6594
6570
6595
6571
6596
6572
6597
6573
6598
6574
6599
6575
6600
6576
6601
6577
6602
6578
6603
6579
6604
6580
6605
6581
6606
6582
6607
6583
6608
6584
6609
6585
6610
6586
6611
6587
6612
6588
6613
6589
6614
6590
6615
6591
6616
6592
6617
6593
6618
6619
7372
6595
6620
6596
6621
6597
6622
6598
6623
6599
6624
6600
6625
6601
6626
6602
6627
6603
6628
6604
6629
6605
6630
6606
6631
6607
6632
6608
6633
6609
6634
6610
6635
6611
6636
6612
6637
6613
6638
6614
6639
6615
6640
6616
6641
6617
6642
6618
6643
6619
6644
6645
7380
6621
6646
6622
6647
6623
6648
6624
6649
6625
6650
6626
6651
6627
6652
6628
6653
6629
6654
6630
6655
6631
6656
6632
6657
6633
6658
6634
6659
6635
6660
6636
6661
6637
6662
6638
6663
6639
6664
6640
6665
6641
6666
6642
6667
6643
6668
6644
6669
6645
6670
6671
7388
6647
6672
6648
6673
6649
6674
6650
6675
6651
6676
6652
6677
6653
6678
6654
6679
6655
6680
6656
6681
6657
6682
6658
6683
6659
6684
6660
6685
6661
6686
6662
6687
6663
6688
6664
6689
6665
6690
6666
6691
6667
6692
6668
6693
6669
6694
6670
6695
6671
6696
6697
7396
6673
6698
6674
6699
6675
6700
6676
6701
6677
6702
6678
6703
6679
6704
6680
6705
6681
6706
6682
6707
6683
6708
6684
6709
6685
6710
6686
6711
6687
6712
6688
6713
6689
6714
6690
6715
6691
6716
6692
6717
6693
6718
6694
6719
6695
6720
6696
6721
6697
6722
6723
7404
6699
6724
6700
6725
6701
6726
6702
6727
6703
6728
6704
6729
6705
6730
6706
6731
6707
6732
6708
6733
6709
6734
6710
6735
6711
6736
6712
6737
6713
6738
6714
6739
6715
6740
6716
6741
6717
6742
6718
6743
6719
6744
6720
6745
6721
6746
6722
6747
6723
6748
6749
7412
6725
6750
6726
6751
6727
6752
6728
6753
6729
6754
6730
6755
6731
6756
6732
6757
6733
6758
6734
6759
6735
6760
6736
6761
6737
6762
6738
6763
6739
6764
6740
6765
6741
6766
6742
6767
6743
6768
6744
6769
6745
6770
6746
6771
6747
6772
6748
6773
6749
6774
6775
7420
6751
6776
6752
6777
6753
6778
6754
6779
6755
6780
6756
6781
6757
6782
6758
6783
6759
6784
6760
6785
6761
6786
6762
6787
6763
6788
6764
6789
6765
6790
6766
6791
6767
6792
6768
6793
6769
6794
6770
6795
6771
6796
6772
6797
6773
6798
6774
6799
6775
6800
6801
7428
6777
6802
6778
6803
6779
6804
6780
6805
6781
6806
6782
6807
6783
6808
6784
6809
6785
6810
6786
6811
6787
6812
6788
6813
6789
6814
6790
6815
6791
6816
6792
6817
6793
6818
6794
6819
6795
6820
6796
6821
6797
6822
6798
6823
6799
6824
6800
6825
6801
6826
6827
7436
6803
6828
6804
6829
6805
6830
6806
6831
6807
6832
6808
6833
6809
6834
6810
6835
6811
6836
6812
6837
6813
6838
6814
6839
6815
6840
6816
6841
6817
6842
6818
6843
6819
6844
6820
6845
6821
6846
6822
6847
6823
6848
6824
6849
6825
6850
6826
6851
6827
6852
6853
7444
6829
6854
6830
6855
6831
6856
6832
6857
6833
6858
6834
6859
6835
6860
6836
6861
6837
6862
6838
6863
6839
6864
6840
6865
6841
6866
6842
6867
6843
6868
6844
6869
6845
6870
6846
6871
6847
6872
6848
6873
6849
6874
6850
6875
6851
6876
6852
6877
6853
6878
6879
7452
6855
6880
6856
6881
6857
6882
6858
6883
6859
6884
6860
6885
6861
6886
6862
6887
6863
6888
6864
6889
6865
6890
6866
6891
6867
6892
6868
6893
6869
6894
6870
6895
6871
6896
6872
6897
6873
6898
6874
6899
6875
6900
6876
6901
6877
6902
6878
6903
6879
6904
6905
7460
6881
6906
6882
6907
6883
6908
6884
6909
6885
6910
6886
6911
6887
6912
6888
6913
6889
6914
6890
6915
6891
6916
6892
6917
6893
6918
6894
6919
6895
6920
6896
6921
6897
6922
6898
6923
6899
6924
6900
6925
6901
6926
6902
6927
6903
6928
6904
6929
6905
6930
6931
7468
6907
6932
6908
6933
6909
6934
6910
6935
6911
6936
6912
6937
6913
6938
6914
6939
6915
6940
6916
6941
6917
6942
6918
6943
6919
6944
6920
6945
6921
6946
6922
6947
6923
6948
6924
6949
6925
6950
6926
6951
6927
6952
6928
6953
6929
6954
6930
6955
6931
6956
6957
7476
6933
6958
6934
6959
6935
6960
6936
6961
6937
6962
6938
6963
6939
6964
6940
6965
6941
6966
6942
6967
6943
6968
6944
6969
6945
6970
6946
6971
6947
6972
6948
6973
6949
6974
6950
6975
6951
6976
6952
6977
6953
6978
6954
6979
6955
6980
6956
6981
6957
6982
6983
7484
6959
6984
6960
6985
6961
6986
6962
6987
6963
6988
6964
6989
6965
6990
6966
6991
6967
6992
6968
6993
6969
6994
6970
6995
6971
6996
6972
6997
6973
6998
6974
6999
6975
7000
6976
7001
6977
7002
6978
7003
6979
7004
6980
7005
6981
7006
6982
7007
6983
7008
7009
7492
6985
7010
6986
7011
6987
7012
6988
7013
6989
7014
6990
7015
6991
7016
6992
7017
6993
7018
6994
7019
6995
7020
6996
7021
6997
7022
6998
7023
6999
7024
7000
7025
7001
7026
7002
7027
7003
7028
7004
7029
7005
7030
7006
7031
7007
7032
7008
7033
7009
7034
7035
7500
7011
7012
7013
7014
7015
7016
7017
7018
7019
7020
7021
7022
7023
7024
7025
7026
7027
7028
7029
7030
7031
7032
7033
7034
7035
7508
7037
7044
7038
7045
7039
7046
7040
7047
7041
7048
7042
7049
7043
7050
7051
7516
7045
7052
7046
7053
7047
7054
7048
7055
7049
7056
7050
7057
7051
7058
7059
7518
7053
7060
7054
7061
7055
7062
7056
7063
7057
7064
7058
7065
7059
7066
7067
7520
7061
7068
7062
7069
7063
7070
7064
7071
7065
7072
7066
7073
7067
7074
7075
7522
7069
7076
7070
7077
7071
7078
7072
7079
7073
7080
7074
7081
7075
7082
7083
7524
7077
7084
7078
7085
7079
7086
7080
7087
7081
7088
7082
7089
7083
7090
7091
7526
7085
7092
7086
7093
7087
7094
7088
7095
7089
7096
7090
7097
7091
7098
7099
7528
7093
7100
7094
7101
7095
7102
7096
7103
7097
7104
7098
7105
7099
7106
7107
7530
7101
7108
7102
7109
7103
7110
7104
7111
7105
7112
7106
7113
7107
7114
7115
7532
7109
7116
7110
7117
7111
7118
7112
7119
7113
7120
7114
7121
7115
7122
7123
7534
7117
7124
7118
7125
7119
7126
7120
7127
7121
7128
7122
7129
7123
7130
7131
7536
7125
7132
7126
7133
7127
7134
7128
7135
7129
7136
7130
7137
7131
7138
7139
7538
7133
7140
7134
7141
7135
7142
7136
7143
7137
7144
7138
7145
7139
7146
7147
7540
7141
7148
7142
7149
7143
7150
7144
7151
7145
7152
7146
7153
7147
7154
7155
7542
7149
7156
7150
7157
7151
7158
7152
7159
7153
7160
7154
7161
7155
7162
7163
7544
7157
7164
7158
7165
7159
7166
7160
7167
7161
7168
7162
7169
7163
7170
7171
7546
7165
7172
7166
7173
7167
7174
7168
7175
7169
7176
7170
7177
7171
7178
7179
7548
7173
7180
7174
7181
7175
7182
7176
7183
7177
7184
7178
7185
7179
7186
7187
7550
7181
7188
7182
7189
7183
7190
7184
7191
7185
7192
7186
7193
7187
7194
7195
7552
7189
7196
7190
7197
7191
7198
7192
7199
7193
7200
7194
7201
7195
7202
7203
7554
7197
7204
7198
7205
7199
7206
7200
7207
7201
7208
7202
7209
7203
7210
7211
7556
7205
7212
7206
7213
7207
7214
7208
7215
7209
7216
7210
7217
7211
7218
7219
7558
7213
7220
7214
7221
7215
7222
7216
7223
7217
7224
7218
7225
7219
7226
7227
7560
7221
7228
7222
7229
7223
7230
7224
7231
7225
7232
7226
7233
7227
7234
7235
7562
7229
7236
7230
7237
7231
7238
7232
7239
7233
7240
7234
7241
7235
7242
7243
7564
7237
7244
7238
7245
7239
7246
7240
7247
7241
7248
7242
7249
7243
7250
7251
7566
7245
7252
7246
7253
7247
7254
7248
7255
7249
7256
7250
7257
7251
7258
7259
7568
7253
7260
7254
7261
7255
7262
7256
7263
7257
7264
7258
7265
7259
7266
7267
7570
7261
7268
7262
7269
7263
7270
7264
7271
7265
7272
7266
7273
7267
7274
7275
7572
7269
7276
7270
7277
7271
7278
7272
7279
7273
7280
7274
7281
7275
7282
7283
7574
7277
7284
7278
7285
7279
7286
7280
7287
7281
7288
7282
7289
7283
7290
7291
7576
7285
7292
7286
7293
7287
7294
7288
7295
7289
7296
7290
7297
7291
7298
7299
7578
7293
7300
7294
7301
7295
7302
7296
7303
7297
7304
7298
7305
7299
7306
7307
7580
7301
7308
7302
7309
7303
7310
7304
7311
7305
7312
7306
7313
7307
7314
7315
7582
7309
7316
7310
7317
7311
7318
7312
7319
7313
7320
7314
7321
7315
7322
7323
7584
7317
7324
7318
7325
7319
7326
7320
7327
7321
7328
7322
7329
7323
7330
7331
7586
7325
7332
7326
7333
7327
7334
7328
7335
7329
7336
7330
7337
7331
7338
7339
7588
7333
7340
7334
7341
7335
7342
7336
7343
7337
7344
7338
7345
7339
7346
7347
7590
7341
7348
7342
7349
7343
7350
7344
7351
7345
7352
7346
7353
7347
7354
7355
7592
7349
7356
7350
7357
7351
7358
7352
7359
7353
7360
7354
7361
7355
7362
7363
7594
7357
7364
7358
7365
7359
7366
7360
7367
7361
7368
7362
7369
7363
7370
7371
7596
7365
7372
7366
7373
7367
7374
7368
7375
7369
7376
7370
7377
7371
7378
7379
7598
7373
7380
7374
7381
7375
7382
7376
7383
7377
7384
7378
7385
7379
7386
7387
7600
7381
7388
7382
7389
7383
7390
7384
7391
7385
7392
7386
7393
7387
7394
7395
7602
7389
7396
7390
7397
7391
7398
7392
7399
7393
7400
7394
7401
7395
7402
7403
7604
7397
7404
7398
7405
7399
7406
7400
7407
7401
7408
7402
7409
7403
7410
7411
7606
7405
7412
7406
7413
7407
7414
7408
7415
7409
7416
7410
7417
7411
7418
7419
7608
7413
7420
7414
7421
7415
7422
7416
7423
7417
7424
7418
7425
7419
7426
7427
7610
7421
7428
7422
7429
7423
7430
7424
7431
7425
7432
7426
7433
7427
7434
7435
7612
7429
7436
7430
7437
7431
7438
7432
7439
7433
7440
7434
7441
7435
7442
7443
7614
7437
7444
7438
7445
7439
7446
7440
7447
7441
7448
7442
7449
7443
7450
7451
7616
7445
7452
7446
7453
7447
7454
7448
7455
7449
7456
7450
7457
7451
7458
7459
7618
7453
7460
7454
7461
7455
7462
7456
7463
7457
7464
7458
7465
7459
7466
7467
7620
7461
7468
7462
7469
7463
7470
7464
7471
7465
7472
7466
7473
7467
7474
7475
7622
7469
7476
7470
7477
7471
7478
7472
7479
7473
7480
7474
7481
7475
7482
7483
7624
7477
7484
7478
7485
7479
7486
7480
7487
7481
7488
7482
7489
7483
7490
7491
7626
7485
7492
7486
7493
7487
7494
7488
7495
7489
7496
7490
7497
7491
7498
7499
7628
7493
7500
7494
7501
7495
7502
7496
7503
7497
7504
7498
7505
7499
7506
7507
7630
7501
7508
7502
7509
7503
7510
7504
7511
7505
7512
7506
7513
7507
7514
7515
7632
7509
7510
7511
7512
7513
7514
7515
7634
7517
7518
7519
7636
7519
7520
7521
7644
7521
7522
7523
7652
7523
7524
7525
7660
7525
7526
7527
7668
7527
7528
7529
7676
7529
7530
7531
7684
7531
7532
7533
7692
7533
7534
7535
7700
7535
7536
7537
7708
7537
7538
7539
7716
7539
7540
7541
7724
7541
7542
7543
7732
7543
7544
7545
7740
7545
7546
7547
7748
7547
7548
7549
7756
7549
7550
7551
7764
7551
7552
7553
7772
7553
7554
7555
7780
7555
7556
7557
7788
7557
7558
7559
7796
7559
7560
7561
7804
7561
7562
7563
7812
7563
7564
7565
7820
7565
7566
7567
7828
7567
7568
7569
7836
7569
7570
7571
7844
7571
7572
7573
7852
7573
7574
7575
7860
7575
7576
7577
7868
7577
7578
7579
7876
7579
7580
7581
7884
7581
7582
7583
7892
7583
7584
7585
7900
7585
7586
7587
7908
7587
7588
7589
7916
7589
7590
7591
7924
7591
7592
7593
7932
7593
7594
7595
7940
7595
7596
7597
7948
7597
7598
7599
7956
7599
7600
7601
7964
7601
7602
7603
7972
7603
7604
7605
7980
7605
7606
7607
7988
7607
7608
7609
7996
7609
7610
7611
8004
7611
7612
7613
8012
7613
7614
7615
8020
7615
7616
7617
8028
7617
7618
7619
8036
7619
7620
7621
8044
7621
7622
7623
8052
7623
7624
7625
8060
7625
7626
7627
8068
7627
7628
7629
8076
7629
7630
7631
8084
7631
7632
7633
8092
7633
7634
7635
8100
7635
8108
7637
7644
7638
7645
7639
7646
7640
7647
7641
7648
7642
7649
7643
7650
7651
8116
7645
7652
7646
7653
7647
7654
7648
7655
7649
7656
7650
7657
7651
7658
7659
8142
7653
7660
7654
7661
7655
7662
7656
7663
7657
7664
7658
7665
7659
7666
7667
8168
7661
7668
7662
7669
7663
7670
7664
7671
7665
7672
7666
7673
7667
7674
7675
8194
7669
7676
7670
7677
7671
7678
7672
7679
7673
7680
7674
7681
7675
7682
7683
8220
7677
7684
7678
7685
7679
7686
7680
7687
7681
7688
7682
7689
7683
7690
7691
8246
7685
7692
7686
7693
7687
7694
7688
7695
7689
7696
7690
7697
7691
7698
7699
8272
7693
7700
7694
7701
7695
7702
7696
7703
7697
7704
7698
7705
7699
7706
7707
8298
7701
7708
7702
7709
7703
7710
7704
7711
7705
7712
7706
7713
7707
7714
7715
8324
7709
7716
7710
7717
7711
7718
7712
7719
7713
7720
7714
7721
7715
7722
7723
8350
7717
7724
7718
7725
7719
7726
7720
7727
7721
7728
7722
7729
7723
7730
7731
8376
7725
7732
7726
7733
7727
7734
7728
7735
7729
7736
7730
7737
7731
7738
7739
8402
7733
7740
7734
7741
7735
7742
7736
7743
7737
7744
7738
7745
7739
7746
7747
8428
7741
7748
7742
7749
7743
7750
7744
7751
7745
7752
7746
7753
7747
7754
7755
8454
7749
7756
7750
7757
7751
7758
7752
7759
7753
7760
7754
7761
7755
7762
7763
8480
7757
7764
7758
7765
7759
7766
7760
7767
7761
7768
7762
7769
7763
7770
7771
8506
7765
7772
7766
7773
7767
7774
7768
7775
7769
7776
7770
7777
7771
7778
7779
8532
7773
7780
7774
7781
7775
7782
7776
7783
7777
7784
7778
7785
7779
7786
7787
8558
7781
7788
7782
7789
7783
7790
7784
7791
7785
7792
7786
7793
7787
7794
7795
8584
7789
7796
7790
7797
7791
7798
7792
7799
7793
7800
7794
7801
7795
7802
7803
8610
7797
7804
7798
7805
7799
7806
7800
7807
7801
7808
7802
7809
7803
7810
7811
8636
7805
7812
7806
7813
7807
7814
7808
7815
7809
7816
7810
7817
7811
7818
7819
8662
7813
7820
7814
7821
7815
7822
7816
7823
7817
7824
7818
7825
7819
7826
7827
8688
7821
7828
7822
7829
7823
7830
7824
7831
7825
7832
7826
7833
7827
7834
7835
8714
7829
7836
7830
7837
7831
7838
7832
7839
7833
7840
7834
7841
7835
7842
7843
8740
7837
7844
7838
7845
7839
7846
7840
7847
7841
7848
7842
7849
7843
7850
7851
8766
7845
7852
7846
7853
7847
7854
7848
7855
7849
7856
7850
7857
7851
7858
7859
8792
7853
7860
7854
7861
7855
7862
7856
7863
7857
7864
7858
7865
7859
7866
7867
8818
7861
7868
7862
7869
7863
7870
7864
7871
7865
7872
7866
7873
7867
7874
7875
8844
7869
7876
7870
7877
7871
7878
7872
7879
7873
7880
7874
7881
7875
7882
7883
8870
7877
7884
7878
7885
7879
7886
7880
7887
7881
7888
7882
7889
7883
7890
7891
8896
7885
7892
7886
7893
7887
7894
7888
7895
7889
7896
7890
7897
7891
7898
7899
8922
7893
7900
7894
7901
7895
7902
7896
7903
7897
7904
7898
7905
7899
7906
7907
8948
7901
7908
7902
7909
7903
7910
7904
7911
7905
7912
7906
7913
7907
7914
7915
8974
7909
7916
7910
7917
7911
7918
7912
7919
7913
7920
7914
7921
7915
7922
7923
9000
7917
7924
7918
7925
7919
7926
7920
7927
7921
7928
7922
7929
7923
7930
7931
9026
7925
7932
7926
7933
7927
7934
7928
7935
7929
7936
7930
7937
7931
7938
7939
9052
7933
7940
7934
7941
7935
7942
7936
7943
7937
7944
7938
7945
7939
7946
7947
9078
7941
7948
7942
7949
7943
7950
7944
7951
7945
7952
7946
7953
7947
7954
7955
9104
7949
7956
7950
7957
7951
7958
7952
7959
7953
7960
7954
7961
7955
7962
7963
9130
7957
7964
7958
7965
7959
7966
7960
7967
7961
7968
7962
7969
7963
7970
7971
9156
7965
7972
7966
7973
7967
7974
7968
7975
7969
7976
7970
7977
7971
7978
7979
9182
7973
7980
7974
7981
7975
7982
7976
7983
7977
7984
7978
7985
7979
7986
7987
9208
7981
7988
7982
7989
7983
7990
7984
7991
7985
7992
7986
7993
7987
7994
7995
9234
7989
7996
7990
7997
7991
7998
7992
7999
7993
8000
7994
8001
7995
8002
8003
9260
7997
8004
7998
8005
7999
8006
8000
8007
8001
8008
8002
8009
8003
8010
8011
9286
8005
8012
8006
8013
8007
8014
8008
8015
8009
8016
8010
8017
8011
8018
8019
9312
8013
8020
8014
8021
8015
8022
8016
8023
8017
8024
8018
8025
8019
8026
8027
9338
8021
8028
8022
8029
8023
8030
8024
8031
8025
8032
8026
8033
8027
8034
8035
9364
8029
8036
8030
8037
8031
8038
8032
8039
8033
8040
8034
8041
8035
8042
8043
9390
8037
8044
8038
8045
8039
8046
8040
8047
8041
8048
8042
8049
8043
8050
8051
9416
8045
8052
8046
8053
8047
8054
8048
8055
8049
8056
8050
8057
8051
8058
8059
9442
8053
8060
8054
8061
8055
8062
8056
8063
8057
8064
8058
8065
8059
8066
8067
9468
8061
8068
8062
8069
8063
8070
8064
8071
8065
8072
8066
8073
8067
8074
8075
9494
8069
8076
8070
8077
8071
8078
8072
8079
8073
8080
8074
8081
8075
8082
8083
9520
8077
8084
8078
8085
8079
8086
8080
8087
8081
8088
8082
8089
8083
8090
8091
9546
8085
8092
8086
8093
8087
8094
8088
8095
8089
8096
8090
8097
8091
8098
8099
9572
8093
8100
8094
8101
8095
8102
8096
8103
8097
8104
8098
8105
8099
8106
8107
9598
8101
8108
8102
8109
8103
8110
8104
8111
8105
8112
8106
8113
8107
8114
8115
9624
8109
8110
8111
8112
8113
8114
8115
9650
8117
8142
8118
8143
8119
8144
8120
8145
8121
8146
8122
8147
8123
8148
8124
8149
8125
8150
8126
8151
8127
8152
8128
8153
8129
8154
8130
8155
8131
8156
8132
8157
8133
8158
8134
8159
8135
8160
8136
8161
8137
8162
8138
8163
8139
8164
8140
8165
8141
8166
8167
8143
8168
8144
8169
8145
8170
8146
8171
8147
8172
8148
8173
8149
8174
8150
8175
8151
8176
8152
8177
8153
8178
8154
8179
8155
8180
8156
8181
8157
8182
8158
8183
8159
8184
8160
8185
8161
8186
8162
8187
8163
8188
8164
8189
8165
8190
8166
8191
8167
8192
8193
8169
8194
8170
8195
8171
8196
8172
8197
8173
8198
8174
8199
8175
8200
8176
8201
8177
8202
8178
8203
8179
8204
8180
8205
8181
8206
8182
8207
8183
8208
8184
8209
8185
8210
8186
8211
8187
8212
8188
8213
8189
8214
8190
8215
8191
8216
8192
8217
8193
8218
8219
8195
8220
8196
8221
8197
8222
8198
8223
8199
8224
8200
8225
8201
8226
8202
8227
8203
8228
8204
8229
8205
8230
8206
8231
8207
8232
8208
8233
8209
8234
8210
8235
8211
8236
8212
8237
8213
8238
8214
8239
8215
8240
8216
8241
8217
8242
8218
8243
8219
8244
8245
8221
8246
8222
8247
8223
8248
8224
8249
8225
8250
8226
8251
8227
8252
8228
8253
8229
8254
8230
8255
8231
8256
8232
8257
8233
8258
8234
8259
8235
8260
8236
8261
8237
8262
8238
8263
8239
8264
8240
8265
8241
8266
8242
8267
8243
8268
8244
8269
8245
8270
8271
8247
8272
8248
8273
8249
8274
8250
8275
8251
8276
8252
8277
8253
8278
8254
8279
8255
8280
8256
8281
8257
8282
8258
8283
8259
8284
8260
8285
8261
8286
8262
8287
8263
8288
8264
8289
8265
8290
8266
8291
8267
8292
8268
8293
8269
8294
8270
8295
8271
8296
8297
8273
8298
8274
8299
8275
8300
8276
8301
8277
8302
8278
8303
8279
8304
8280
8305
8281
8306
8282
8307
8283
8308
8284
8309
8285
8310
8286
8311
8287
8312
8288
8313
8289
8314
8290
8315
8291
8316
8292
8317
8293
8318
8294
8319
8295
8320
8296
8321
8297
8322
8323
8299
8324
8300
8325
8301
8326
8302
8327
8303
8328
8304
8329
8305
8330
8306
8331
8307
8332
8308
8333
8309
8334
8310
8335
8311
8336
8312
8337
8313
8338
8314
8339
8315
8340
8316
8341
8317
8342
8318
8343
8319
8344
8320
8345
8321
8346
8322
8347
8323
8348
8349
8325
8350
8326
8351
8327
8352
8328
8353
8329
8354
8330
8355
8331
8356
8332
8357
8333
8358
8334
8359
8335
8360
8336
8361
8337
8362
8338
8363
8339
8364
8340
8365
8341
8366
8342
8367
8343
8368
8344
8369
8345
8370
8346
8371
8347
8372
8348
8373
8349
8374
8375
8351
8376
8352
8377
8353
8378
8354
8379
8355
8380
8356
8381
8357
8382
8358
8383
8359
8384
8360
8385
8361
8386
8362
8387
8363
8388
8364
8389
8365
8390
8366
8391
8367
8392
8368
8393
8369
8394
8370
8395
8371
8396
8372
8397
8373
8398
8374
8399
8375
8400
8401
8377
8402
8378
8403
8379
8404
8380
8405
8381
8406
8382
8407
8383
8408
8384
8409
8385
8410
8386
8411
8387
8412
8388
8413
8389
8414
8390
8415
8391
8416
8392
8417
8393
8418
8394
8419
8395
8420
8396
8421
8397
8422
8398
8423
8399
8424
8400
8425
8401
8426
8427
8403
8428
8404
8429
8405
8430
8406
8431
8407
8432
8408
8433
8409
8434
8410
8435
8411
8436
8412
8437
8413
8438
8414
8439
8415
8440
8416
8441
8417
8442
8418
8443
8419
8444
8420
8445
8421
8446
8422
8447
8423
8448
8424
8449
8425
8450
8426
8451
8427
8452
8453
8429
8454
8430
8455
8431
8456
8432
8457
8433
8458
8434
8459
8435
8460
8436
8461
8437
8462
8438
8463
8439
8464
8440
8465
8441
8466
8442
8467
8443
8468
8444
8469
8445
8470
8446
8471
8447
8472
8448
8473
8449
8474
8450
8475
8451
8476
8452
8477
8453
8478
8479
8455
8480
8456
8481
8457
8482
8458
8483
8459
8484
8460
8485
8461
8486
8462
8487
8463
8488
8464
8489
8465
8490
8466
8491
8467
8492
8468
8493
8469
8494
8470
8495
8471
8496
8472
8497
8473
8498
8474
8499
8475
8500
8476
8501
8477
8502
8478
8503
8479
8504
8505
8481
8506
8482
8507
8483
8508
8484
8509
8485
8510
8486
8511
8487
8512
8488
8513
8489
8514
8490
8515
8491
8516
8492
8517
8493
8518
8494
8519
8495
8520
8496
8521
8497
8522
8498
8523
8499
8524
8500
8525
8501
8526
8502
8527
8503
8528
8504
8529
8505
8530
8531
8507
8532
8508
8533
8509
8534
8510
8535
8511
8536
8512
8537
8513
8538
8514
8539
8515
8540
8516
8541
8517
8542
8518
8543
8519
8544
8520
8545
8521
8546
8522
8547
8523
8548
8524
8549
8525
8550
8526
8551
8527
8552
8528
8553
8529
8554
8530
8555
8531
8556
8557
8533
8558
8534
8559
8535
8560
8536
8561
8537
8562
8538
8563
8539
8564
8540
8565
8541
8566
8542
8567
8543
8568
8544
8569
8545
8570
8546
8571
8547
8572
8548
8573
8549
8574
8550
8575
8551
8576
8552
8577
8553
8578
8554
8579
8555
8580
8556
8581
8557
8582
8583
8559
8584
8560
8585
8561
8586
8562
8587
8563
8588
8564
8589
8565
8590
8566
8591
8567
8592
8568
8593
8569
8594
8570
8595
8571
8596
8572
8597
8573
8598
8574
8599
8575
8600
8576
8601
8577
8602
8578
8603
8579
8604
8580
8605
8581
8606
8582
8607
8583
8608
8609
8585
8610
8586
8611
8587
8612
8588
8613
8589
8614
8590
8615
8591
8616
8592
8617
8593
8618
8594
8619
8595
8620
8596
8621
8597
8622
8598
8623
8599
8624
8600
8625
8601
8626
8602
8627
8603
8628
8604
8629
8605
8630
8606
8631
8607
8632
8608
8633
8609
8634
8635
8611
8636
8612
8637
8613
8638
8614
8639
8615
8640
8616
8641
8617
8642
8618
8643
8619
8644
8620
8645
8621
8646
8622
8647
8623
8648
8624
8649
8625
8650
8626
8651
8627
8652
8628
8653
8629
8654
8630
8655
8631
8656
8632
8657
8633
8658
8634
8659
8635
8660
8661
8637
8662
8638
8663
8639
8664
8640
8665
8641
8666
8642
8667
8643
8668
8644
8669
8645
8670
8646
8671
8647
8672
8648
8673
8649
8674
8650
8675
8651
8676
8652
8677
8653
8678
8654
8679
8655
8680
8656
8681
8657
8682
8658
8683
8659
8684
8660
8685
8661
8686
8687
8663
8688
8664
8689
8665
8690
8666
8691
8667
8692
8668
8693
8669
8694
8670
8695
8671
8696
8672
8697
8673
8698
8674
8699
8675
8700
8676
8701
8677
8702
8678
8703
8679
8704
8680
8705
8681
8706
8682
8707
8683
8708
8684
8709
8685
8710
8686
8711
8687
8712
8713
8689
8714
8690
8715
8691
8716
8692
8717
8693
8718
8694
8719
8695
8720
8696
8721
8697
8722
8698
8723
8699
8724
8700
8725
8701
8726
8702
8727
8703
8728
8704
8729
8705
8730
8706
8731
8707
8732
8708
8733
8709
8734
8710
8735
8711
8736
8712
8737
8713
8738
8739
8715
8740
8716
8741
8717
8742
8718
8743
8719
8744
8720
8745
8721
8746
8722
8747
8723
8748
8724
8749
8725
8750
8726
8751
8727
8752
8728
8753
8729
8754
8730
8755
8731
8756
8732
8757
8733
8758
8734
8759
8735
8760
8736
8761
8737
8762
8738
8763
8739
8764
8765
8741
8766
8742
8767
8743
8768
8744
8769
8745
8770
8746
8771
8747
8772
8748
8773
8749
8774
8750
8775
8751
8776
8752
8777
8753
8778
8754
8779
8755
8780
8756
8781
8757
8782
8758
8783
8759
8784
8760
8785
8761
8786
8762
8787
8763
8788
8764
8789
8765
8790
8791
8767
8792
8768
8793
8769
8794
8770
8795
8771
8796
8772
8797
8773
8798
8774
8799
8775
8800
8776
8801
8777
8802
8778
8803
8779
8804
8780
8805
8781
8806
8782
8807
8783
8808
8784
8809
8785
8810
8786
8811
8787
8812
8788
8813
8789
8814
8790
8815
8791
8816
8817
8793
8818
8794
8819
8795
8820
8796
8821
8797
8822
8798
8823
8799
8824
8800
8825
8801
8826
8802
8827
8803
8828
8804
8829
8805
8830
8806
8831
8807
8832
8808
8833
8809
8834
8810
8835
8811
8836
8812
8837
8813
8838
8814
8839
8815
8840
8816
8841
8817
8842
8843
8819
8844
8820
8845
8821
8846
8822
8847
8823
8848
8824
8849
8825
8850
8826
8851
8827
8852
8828
8853
8829
8854
8830
8855
8831
8856
8832
8857
8833
8858
8834
8859
8835
8860
8836
8861
8837
8862
8838
8863
8839
8864
8840
8865
8841
8866
8842
8867
8843
8868
8869
8845
8870
8846
8871
8847
8872
8848
8873
8849
8874
8850
8875
8851
8876
8852
8877
8853
8878
8854
8879
8855
8880
8856
8881
8857
8882
8858
8883
8859
8884
8860
8885
8861
8886
8862
8887
8863
8888
8864
8889
8865
8890
8866
8891
8867
8892
8868
8893
8869
8894
8895
8871
8896
8872
8897
8873
8898
8874
8899
8875
8900
8876
8901
8877
8902
8878
8903
8879
8904
8880
8905
8881
8906
8882
8907
8883
8908
8884
8909
8885
8910
8886
8911
8887
8912
8888
8913
8889
8914
8890
8915
8891
8916
8892
8917
8893
8918
8894
8919
8895
8920
8921
8897
8922
8898
8923
8899
8924
8900
8925
8901
8926
8902
8927
8903
8928
8904
8929
8905
8930
8906
8931
8907
8932
8908
8933
8909
8934
8910
8935
8911
8936
8912
8937
8913
8938
8914
8939
8915
8940
8916
8941
8917
8942
8918
8943
8919
8944
8920
8945
8921
8946
8947
8923
8948
8924
8949
8925
8950
8926
8951
8927
8952
8928
8953
8929
8954
8930
8955
8931
8956
8932
8957
8933
8958
8934
8959
8935
8960
8936
8961
8937
8962
8938
8963
8939
8964
8940
8965
8941
8966
8942
8967
8943
8968
8944
8969
8945
8970
8946
8971
8947
8972
8973
8949
8974
8950
8975
8951
8976
8952
8977
8953
8978
8954
8979
8955
8980
8956
8981
8957
8982
8958
8983
8959
8984
8960
8985
8961
8986
8962
8987
8963
8988
8964
8989
8965
8990
8966
8991
8967
8992
8968
8993
8969
8994
8970
8995
8971
8996
8972
8997
8973
8998
8999
8975
9000
8976
9001
8977
9002
8978
9003
8979
9004
8980
9005
8981
9006
8982
9007
8983
9008
8984
9009
8985
9010
8986
9011
8987
9012
8988
9013
8989
9014
8990
9015
8991
9016
8992
9017
8993
9018
8994
9019
8995
9020
8996
9021
8997
9022
8998
9023
8999
9024
9025
9001
9026
9002
9027
9003
9028
9004
9029
9005
9030
9006
9031
9007
9032
9008
9033
9009
9034
9010
9035
9011
9036
9012
9037
9013
9038
9014
9039
9015
9040
9016
9041
9017
9042
9018
9043
9019
9044
9020
9045
9021
9046
9022
9047
9023
9048
9024
9049
9025
9050
9051
9027
9052
9028
9053
9029
9054
9030
9055
9031
9056
9032
9057
9033
9058
9034
9059
9035
9060
9036
9061
9037
9062
9038
9063
9039
9064
9040
9065
9041
9066
9042
9067
9043
9068
9044
9069
9045
9070
9046
9071
9047
9072
9048
9073
9049
9074
9050
9075
9051
9076
9077
9053
9078
9054
9079
9055
9080
9056
9081
9057
9082
9058
9083
9059
9084
9060
9085
9061
9086
9062
9087
9063
9088
9064
9089
9065
9090
9066
9091
9067
9092
9068
9093
9069
9094
9070
9095
9071
9096
9072
9097
9073
9098
9074
9099
9075
9100
9076
9101
9077
9102
9103
9079
9104
9080
9105
9081
9106
9082
9107
9083
9108
9084
9109
9085
9110
9086
9111
9087
9112
9088
9113
9089
9114
9090
9115
9091
9116
9092
9117
9093
9118
9094
9119
9095
9120
9096
9121
9097
9122
9098
9123
9099
9124
9100
9125
9101
9126
9102
9127
9103
9128
9129
9105
9130
9106
9131
9107
9132
9108
9133
9109
9134
9110
9135
9111
9136
9112
9137
9113
9138
9114
9139
9115
9140
9116
9141
9117
9142
9118
9143
9119
9144
9120
9145
9121
9146
9122
9147
9123
9148
9124
9149
9125
9150
9126
9151
9127
9152
9128
9153
9129
9154
9155
9131
9156
9132
9157
9133
9158
9134
9159
9135
9160
9136
9161
9137
9162
9138
9163
9139
9164
9140
9165
9141
9166
9142
9167
9143
9168
9144
9169
9145
9170
9146
9171
9147
9172
9148
9173
9149
9174
9150
9175
9151
9176
9152
9177
9153
9178
9154
9179
9155
9180
9181
9157
9182
9158
9183
9159
9184
9160
9185
9161
9186
9162
9187
9163
9188
9164
9189
9165
9190
9166
9191
9167
9192
9168
9193
9169
9194
9170
9195
9171
9196
9172
9197
9173
9198
9174
9199
9175
9200
9176
9201
9177
9202
9178
9203
9179
9204
9180
9205
9181
9206
9207
9183
9208
9184
9209
9185
9210
9186
9211
9187
9212
9188
9213
9189
9214
9190
9215
9191
9216
9192
9217
9193
9218
9194
9219
9195
9220
9196
9221
9197
9222
9198
9223
9199
9224
9200
9225
9201
9226
9202
9227
9203
9228
9204
9229
9205
9230
9206
9231
9207
9232
9233
9209
9234
9210
9235
9211
9236
9212
9237
9213
9238
9214
9239
9215
9240
9216
9241
9217
9242
9218
9243
9219
9244
9220
9245
9221
9246
9222
9247
9223
9248
9224
9249
9225
9250
9226
9251
9227
9252
9228
9253
9229
9254
9230
9255
9231
9256
9232
9257
9233
9258
9259
9235
9260
9236
9261
9237
9262
9238
9263
9239
9264
9240
9265
9241
9266
9242
9267
9243
9268
9244
9269
9245
9270
9246
9271
9247
9272
9248
9273
9249
9274
9250
9275
9251
9276
9252
9277
9253
9278
9254
9279
9255
9280
9256
9281
9257
9282
9258
9283
9259
9284
9285
9261
9286
9262
9287
9263
9288
9264
9289
9265
9290
9266
9291
9267
9292
9268
9293
9269
9294
9270
9295
9271
9296
9272
9297
9273
9298
9274
9299
9275
9300
9276
9301
9277
9302
9278
9303
9279
9304
9280
9305
9281
9306
9282
9307
9283
9308
9284
9309
9285
9310
9311
9287
9312
9288
9313
9289
9314
9290
9315
9291
9316
9292
9317
9293
9318
9294
9319
9295
9320
9296
9321
9297
9322
9298
9323
9299
9324
9300
9325
9301
9326
9302
9327
9303
9328
9304
9329
9305
9330
9306
9331
9307
9332
9308
9333
9309
9334
9310
9335
9311
9336
9337
9313
9338
9314
9339
9315
9340
9316
9341
9317
9342
9318
9343
9319
9344
9320
9345
9321
9346
9322
9347
9323
9348
9324
9349
9325
9350
9326
9351
9327
9352
9328
9353
9329
9354
9330
9355
9331
9356
9332
9357
9333
9358
9334
9359
9335
9360
9336
9361
9337
9362
9363
9339
9364
9340
9365
9341
9366
9342
9367
9343
9368
9344
9369
9345
9370
9346
9371
9347
9372
9348
9373
9349
9374
9350
9375
9351
9376
9352
9377
9353
9378
9354
9379
9355
9380
9356
9381
9357
9382
9358
9383
9359
9384
9360
9385
9361
9386
9362
9387
9363
9388
9389
9365
9390
9366
9391
9367
9392
9368
9393
9369
9394
9370
9395
9371
9396
9372
9397
9373
9398
9374
9399
9375
9400
9376
9401
9377
9402
9378
9403
9379
9404
9380
9405
9381
9406
9382
9407
9383
9408
9384
9409
9385
9410
9386
9411
9387
9412
9388
9413
9389
9414
9415
9391
9416
9392
9417
9393
9418
9394
9419
9395
9420
9396
9421
9397
9422
9398
9423
9399
9424
9400
9425
9401
9426
9402
9427
9403
9428
9404
9429
9405
9430
9406
9431
9407
9432
9408
9433
9409
9434
9410
9435
9411
9436
9412
9437
9413
9438
9414
9439
9415
9440
9441
9417
9442
9418
9443
9419
9444
9420
9445
9421
9446
9422
9447
9423
9448
9424
9449
9425
9450
9426
9451
9427
9452
9428
9453
9429
9454
9430
9455
9431
9456
9432
9457
9433
9458
9434
9459
9435
9460
9436
9461
9437
9462
9438
9463
9439
9464
9440
9465
9441
9466
9467
9443
9468
9444
9469
9445
9470
9446
9471
9447
9472
9448
9473
9449
9474
9450
9475
9451
9476
9452
9477
9453
9478
9454
9479
9455
9480
9456
9481
9457
9482
9458
9483
9459
9484
9460
9485
9461
9486
9462
9487
9463
9488
9464
9489
9465
9490
9466
9491
9467
9492
9493
9469
9494
9470
9495
9471
9496
9472
9497
9473
9498
9474
9499
9475
9500
9476
9501
9477
9502
9478
9503
9479
9504
9480
9505
9481
9506
9482
9507
9483
9508
9484
9509
9485
9510
9486
9511
9487
9512
9488
9513
9489
9514
9490
9515
9491
9516
9492
9517
9493
9518
9519
9495
9520
9496
9521
9497
9522
9498
9523
9499
9524
9500
9525
9501
9526
9502
9527
9503
9528
9504
9529
9505
9530
9506
9531
9507
9532
9508
9533
9509
9534
9510
9535
9511
9536
9512
9537
9513
9538
9514
9539
9515
9540
9516
9541
9517
9542
9518
9543
9519
9544
9545
9521
9546
9522
9547
9523
9548
9524
9549
9525
9550
9526
9551
9527
9552
9528
9553
9529
9554
9530
9555
9531
9556
9532
9557
9533
9558
9534
9559
9535
9560
9536
9561
9537
9562
9538
9563
9539
9564
9540
9565
9541
9566
9542
9567
9543
9568
9544
9569
9545
9570
9571
9547
9572
9548
9573
9549
9574
9550
9575
9551
9576
9552
9577
9553
9578
9554
9579
9555
9580
9556
9581
9557
9582
9558
9583
9559
9584
9560
9585
9561
9586
9562
9587
9563
9588
9564
9589
9565
9590
9566
9591
9567
9592
9568
9593
9569
9594
9570
9595
9571
9596
9597
9573
9598
9574
9599
9575
9600
9576
9601
9577
9602
9578
9603
9579
9604
9580
9605
9581
9606
9582
9607
9583
9608
9584
9609
9585
9610
9586
9611
9587
9612
9588
9613
9589
9614
9590
9615
9591
9616
9592
9617
9593
9618
9594
9619
9595
9620
9596
9621
9597
9622
9623
9599
9624
9600
9625
9601
9626
9602
9627
9603
9628
9604
9629
9605
9630
9606
9631
9607
9632
9608
9633
9609
9634
9610
9635
9611
9636
9612
9637
9613
9638
9614
9639
9615
9640
9616
9641
9617
9642
9618
9643
9619
9644
9620
9645
9621
9646
9622
9647
9623
9648
9649
9625
9650
9626
9651
9627
9652
9628
9653
9629
9654
9630
9655
9631
9656
9632
9657
9633
9658
9634
9659
9635
9660
9636
9661
9637
9662
9638
9663
9639
9664
9640
9665
9641
9666
9642
9667
9643
9668
9644
9669
9645
9670
9646
9671
9647
9672
9648
9673
9649
9674
9675
9651
9652
9653
9654
9655
9656
9657
9658
9659
9660
9661
9662
9663
9664
9665
9666
9667
9668
9669
9670
9671
9672
9673
9674
9675
)


// ************************************************************************* //
